100 100
80 51 62 64 33 76 51 64 56 43 23 2 8 60 27 38 65 56 83 96 13 31 31 69 79 17 46 79 70 99 33 70 57 53 38 24 85 68 46 15 76 48 47 8 63 41 34 87 85 60 82 40 14 2 21 53 49 7 69 38 26 45 15 83 50 79 30 41 72 9 52 31 59 58 91 68 30 88 55 14 51 82 65 49 55 7 21 73 68 28 17 77 34 37 39 4 11 45 28 56 
64 28 94 10 15 34 42 57 22 33 55 71 4 1 68 49 34 57 7 10 3 34 5 5 16 99 45 11 87 23 50 55 27 33 91 88 48 50 26 20 63 48 96 94 55 94 7 21 78 73 97 94 20 97 62 64 85 69 11 68 14 54 53 88 16 69 49 37 84 20 90 19 50 35 21 56 43 92 26 81 13 18 70 26 12 18 17 21 84 23 2 69 87 34 86 34 95 88 24 76 
-1
0 1 1 1 0 1 0 1 1 1 0 0 1 1 1 1 1 0 1 0 0 1 0 0 0 1 0 1 0 1 0 0 1 1 0 1 0 0 0 0 0 0 1 1 0 1 1 1 1 1 1 0 0 1 1 0 0 0 1 1 0 0 1 1 0 1 1 1 1 0 1 0 0 0 0 0 0 1 0 0 0 1 0 1 1 0 1 0 1 0 0 1 0 0 1 1 0 0 1 0 
0 0 0 1 0 0 0 1 1 1 0 1 1 1 1 0 1 1 1 0 1 0 0 0 1 0 0 1 1 1 1 0 0 1 0 0 0 0 1 0 1 1 0 0 0 0 0 0 1 1 0 0 1 1 0 0 0 1 1 1 0 0 1 0 0 0 1 0 1 1 0 1 1 0 0 0 0 1 0 0 0 1 1 1 0 0 1 1 1 0 1 1 0 0 1 1 1 0 0 0 
0 0 0 0 0 1 0 1 1 1 0 1 1 1 1 0 1 0 1 0 1 0 1 1 0 1 0 0 1 1 0 0 1 1 1 1 1 1 0 0 1 0 1 1 0 1 1 0 1 1 0 0 1 1 0 1 0 1 1 0 0 0 1 1 0 0 0 1 1 1 1 1 0 0 0 1 0 1 1 0 0 1 0 1 0 0 1 1 1 0 0 1 0 0 0 1 0 0 1 1 
1 1 0 1 0 1 0 1 1 1 1 1 1 1 0 0 1 0 1 0 0 1 1 0 0 1 0 0 1 1 1 0 0 1 1 1 1 0 1 0 1 0 1 0 1 1 0 0 0 1 0 0 0 1 1 1 0 0 1 1 0 0 1 0 0 0 1 0 1 1 1 1 1 0 0 0 0 0 0 0 0 1 0 1 1 0 1 0 1 0 0 1 0 0 0 0 0 1 0 0 
1 1 0 1 0 1 0 1 1 1 0 1 1 1 0 0 1 1 1 0 0 0 1 0 0 1 0 1 1 1 1 1 1 1 1 0 1 0 0 0 1 0 1 0 1 1 0 0 1 1 0 1 0 1 1 1 0 1 1 0 1 0 1 1 0 0 1 1 1 0 0 1 1 0 0 1 1 0 1 0 0 1 0 1 0 0 1 1 1 0 0 1 1 1 1 0 0 1 0 1 
1 0 1 1 1 1 0 1 0 1 0 0 1 1 1 0 1 0 1 0 1 1 1 0 0 0 0 1 1 0 1 0 1 1 0 0 1 0 0 0 1 1 1 0 0 0 0 0 0 1 1 1 0 1 0 0 0 1 0 0 0 0 1 0 0 0 1 0 0 0 1 1 1 0 0 1 1 1 0 0 0 1 0 1 0 0 1 1 1 0 1 1 0 0 1 1 1 1 0 0 
0 1 0 0 0 1 0 1 1 1 1 1 1 1 1 0 0 0 1 0 0 0 1 0 1 1 0 0 1 1 0 0 1 1 1 1 1 0 0 0 1 0 1 0 1 1 1 0 0 1 1 1 0 1 1 1 0 0 1 0 0 0 1 0 1 0 0 0 1 1 1 1 1 0 0 0 0 1 1 0 0 1 1 1 0 1 1 0 1 0 0 1 0 1 0 1 0 0 1 1 
1 1 0 0 0 1 0 1 1 1 0 1 1 1 1 1 1 0 1 0 1 1 1 0 1 0 0 1 1 1 1 0 1 1 1 0 1 0 0 0 1 0 1 0 0 0 1 0 0 0 1 1 0 1 1 0 0 1 1 1 0 0 1 1 0 0 1 0 1 1 0 0 1 0 0 0 1 0 0 1 0 1 0 0 0 0 1 1 1 0 0 1 0 0 0 1 0 1 0 1 
0 1 0 1 0 1 0 1 1 1 1 0 1 0 1 0 1 0 1 0 0 1 0 1 0 0 0 0 0 1 0 0 1 1 1 1 0 0 0 0 0 1 0 0 0 1 1 0 1 1 0 1 1 0 1 0 0 1 1 1 0 0 1 0 1 0 0 1 1 1 1 1 0 0 0 0 0 0 0 0 0 1 1 1 0 0 1 1 1 0 0 1 0 0 1 0 0 1 1 1 
1 1 1 1 0 1 0 1 1 1 1 1 0 1 0 0 1 1 1 0 1 1 0 0 0 1 0 1 1 1 0 1 0 1 0 0 1 0 1 0 0 0 1 1 0 1 0 0 1 0 1 0 0 1 1 0 0 1 0 1 1 0 1 1 1 0 0 1 1 1 1 1 1 0 0 0 0 1 1 0 0 1 0 0 0 0 1 1 1 0 1 1 0 0 1 0 0 0 0 0 
0 1 0 0 0 0 0 1 1 1 1 0 1 1 1 0 1 1 0 0 0 1 1 0 0 1 0 1 0 1 1 0 1 1 0 1 1 0 0 0 0 0 1 0 1 1 0 0 1 0 1 0 0 0 1 0 0 1 1 1 0 0 1 0 0 0 1 1 1 0 1 1 0 0 0 0 0 1 1 1 0 1 1 1 1 0 1 0 1 0 0 0 0 0 1 0 0 1 1 0 
0 1 0 0 1 1 0 0 1 0 0 1 1 0 1 1 1 0 1 1 1 1 1 0 1 0 0 0 1 1 1 0 1 0 0 0 1 0 0 0 1 0 1 1 0 0 1 0 1 1 0 1 1 0 1 1 0 0 1 1 0 0 1 0 0 0 0 1 1 0 1 1 0 0 0 1 0 1 1 0 0 1 1 1 1 0 1 1 1 0 1 1 0 0 1 0 0 1 0 0 
0 0 0 1 0 1 0 1 1 1 0 1 1 1 1 0 1 1 0 0 0 0 1 0 1 1 0 1 1 1 1 0 1 1 0 1 1 0 0 0 1 1 0 1 0 1 1 1 1 0 0 1 0 1 1 0 0 0 1 0 0 0 1 1 0 1 0 1 1 0 1 0 1 0 0 0 0 1 0 0 0 1 1 0 1 0 1 1 1 0 0 1 0 0 1 0 0 1 1 1 
0 1 0 0 1 1 0 1 1 0 0 1 1 1 1 1 1 0 1 0 0 0 1 0 0 1 0 1 0 1 1 0 1 1 0 0 1 0 1 0 1 0 1 1 1 1 0 0 1 0 1 0 0 0 1 0 0 0 1 1 1 0 1 0 0 1 1 0 1 1 1 1 0 0 0 0 0 1 1 0 0 1 1 1 1 0 1 1 1 0 1 1 0 0 0 0 0 0 1 0 
0 0 0 1 0 1 0 0 1 1 0 0 1 1 1 1 1 1 1 0 0 1 1 0 0 1 0 1 1 1 1 1 1 1 1 1 1 0 0 0 1 0 1 1 0 1 1 0 0 1 0 1 0 1 1 0 0 0 1 0 0 0 1 0 1 0 1 1 0 0 1 0 0 0 0 0 0 0 0 0 0 1 1 1 0 0 0 1 1 0 1 1 0 1 0 0 0 1 1 0 
0 1 1 1 0 0 1 1 1 1 0 1 1 1 1 0 1 0 1 0 1 1 0 1 0 1 0 1 1 0 1 0 1 1 0 1 1 0 1 0 1 0 1 0 0 1 1 0 1 0 0 1 1 0 0 1 0 0 1 0 0 0 1 0 0 0 1 1 1 0 1 0 1 1 0 0 0 0 0 0 0 0 1 0 0 0 1 0 1 0 0 1 0 0 1 1 0 0 1 1 
1 1 0 0 1 1 0 0 1 1 0 1 1 1 1 1 1 0 1 1 1 0 1 0 0 1 0 1 1 1 1 1 1 1 0 1 1 1 0 0 1 0 1 1 0 1 1 0 1 0 0 1 0 0 1 0 0 1 1 1 0 0 1 0 0 1 1 0 1 1 1 1 1 0 0 0 0 1 1 0 0 1 1 1 0 1 1 0 1 0 0 1 0 0 0 0 1 1 1 1 
0 0 0 0 0 1 0 1 1 1 0 0 1 1 1 0 1 1 1 0 0 0 1 0 1 1 0 1 1 1 1 0 0 0 1 1 0 1 1 0 0 0 1 0 1 1 0 0 0 1 1 0 0 0 1 0 0 0 0 0 0 0 1 0 0 0 1 0 1 0 1 1 0 0 0 1 0 1 0 0 0 1 0 1 1 0 1 1 1 0 0 1 0 1 0 0 0 1 1 0 
0 1 0 0 1 1 0 1 0 0 0 1 1 0 1 0 0 0 1 0 1 1 0 1 0 1 0 1 0 1 0 0 1 1 0 1 1 0 0 0 1 0 1 0 1 1 0 0 1 1 1 1 1 0 1 0 0 0 1 0 0 0 1 1 1 0 1 1 1 1 0 1 1 0 0 0 1 1 0 0 0 1 0 1 1 0 1 1 1 0 0 1 0 1 1 0 0 1 0 0 
0 1 0 0 0 0 1 1 0 1 0 1 1 1 1 0 1 0 1 0 0 0 1 0 0 1 0 0 1 1 0 0 0 1 0 1 1 0 1 0 1 1 0 1 0 1 1 0 1 1 1 1 0 0 0 0 0 1 0 1 0 0 1 1 0 0 1 1 1 0 0 0 1 1 0 0 0 1 0 0 0 1 1 1 1 0 1 1 1 0 0 0 0 0 1 1 0 1 1 0 
0 0 1 0 0 0 0 1 0 1 0 1 1 1 1 0 1 0 1 0 1 0 1 0 1 1 0 1 1 0 1 0 1 0 0 1 1 0 0 0 0 0 1 1 0 1 1 0 0 1 1 0 0 0 1 0 0 1 1 0 0 0 1 1 0 0 1 1 1 0 0 1 1 0 0 0 0 1 0 0 0 1 0 1 1 0 1 1 1 1 0 1 0 1 1 1 0 0 1 1 
0 0 0 1 1 0 0 0 1 1 0 0 1 1 1 1 1 0 1 0 1 0 0 0 1 1 1 1 1 1 0 0 1 1 0 1 1 0 0 0 1 1 1 1 1 1 0 0 0 0 0 1 0 0 0 0 0 1 1 0 0 0 1 1 0 0 1 1 1 0 0 0 0 0 0 0 0 1 1 0 0 1 1 1 1 0 1 1 1 0 0 1 0 0 0 0 0 1 1 1 
0 1 0 1 0 1 1 1 1 1 1 1 1 1 1 0 1 0 1 0 0 0 0 1 0 1 0 0 1 1 1 0 0 0 1 1 0 1 0 0 1 0 1 0 0 0 1 1 1 0 1 0 0 1 0 0 0 1 1 0 0 0 1 1 0 0 1 1 1 0 1 1 0 0 0 1 1 0 1 0 0 1 1 1 0 0 1 0 1 0 1 1 0 1 1 1 0 1 1 0 
1 0 1 0 0 1 0 1 1 0 0 0 1 1 1 0 1 0 0 0 0 0 1 0 0 1 0 0 1 1 1 0 1 1 1 1 1 0 0 0 1 1 0 0 1 1 1 1 1 1 1 1 0 1 1 1 0 0 1 1 0 0 1 0 0 0 1 1 1 0 1 1 0 0 0 0 0 1 1 0 0 1 0 1 0 0 1 1 0 0 0 1 0 1 1 0 0 1 0 1 
0 0 0 1 0 0 0 1 0 1 1 1 1 1 1 1 1 1 1 0 1 1 1 1 1 1 0 0 0 0 1 0 1 1 0 1 1 0 0 0 1 1 0 0 1 1 0 0 1 0 0 1 0 0 0 0 1 0 1 1 0 0 0 1 1 0 1 1 1 0 0 1 0 0 1 0 0 1 0 1 0 1 0 1 0 0 1 0 1 0 1 1 0 1 0 0 0 1 1 1 
0 1 0 0 0 1 0 1 1 0 0 1 1 1 0 1 0 0 1 0 0 0 1 0 1 1 0 0 1 1 1 0 1 1 1 1 1 0 0 0 1 0 0 1 0 1 1 0 1 1 1 1 0 1 1 0 0 1 1 1 1 0 1 1 0 1 1 1 1 1 0 1 0 0 0 0 0 1 0 0 0 1 1 0 0 0 1 0 1 0 0 1 0 1 0 1 0 1 0 0 
0 1 0 0 1 1 0 1 1 1 0 0 1 1 1 1 1 1 1 0 1 1 0 0 1 1 0 1 1 0 1 0 1 1 1 1 1 0 0 0 1 0 0 1 0 0 0 0 0 0 0 1 0 1 0 0 0 0 1 1 0 0 1 0 1 0 1 1 1 1 1 1 0 1 0 0 0 1 1 0 0 1 0 0 1 0 1 1 0 0 0 1 1 0 0 1 0 1 1 1 
0 0 1 1 0 1 0 1 1 1 0 1 1 1 1 0 1 0 1 0 0 0 1 0 1 1 0 1 1 1 1 0 1 0 0 0 1 0 0 0 1 0 0 0 0 0 1 0 1 0 1 1 1 1 1 1 0 1 1 0 0 0 1 0 0 0 1 1 1 1 1 1 0 0 0 0 0 1 0 0 0 1 1 0 1 0 1 0 1 0 0 1 1 1 1 0 0 1 1 1 
0 0 0 1 0 0 0 1 1 1 0 1 1 1 1 1 1 1 0 0 1 0 0 0 1 1 0 0 1 0 0 0 0 1 0 1 1 0 0 0 0 1 1 1 0 1 0 0 1 1 1 0 0 0 1 0 0 0 0 1 0 0 1 0 0 0 1 0 1 0 1 1 1 0 0 0 0 1 1 0 0 0 1 0 0 0 1 1 0 0 0 1 0 0 1 1 0 1 1 1 
1 0 1 1 0 1 0 1 0 1 0 1 1 1 1 0 0 0 1 0 0 0 1 1 0 1 0 1 1 1 1 0 1 1 0 0 1 0 0 0 0 1 0 0 1 0 1 0 1 1 0 0 1 0 1 0 0 1 1 1 0 0 1 0 1 0 1 0 0 1 0 1 0 0 0 0 1 1 0 0 0 0 1 1 0 0 1 1 1 0 0 1 0 1 1 1 0 1 1 1 
1 1 0 0 0 0 0 1 1 1 1 0 1 1 1 0 1 0 1 1 1 1 0 0 1 1 0 1 0 1 1 1 1 1 1 1 1 0 1 0 1 1 1 0 0 1 0 0 1 1 0 0 0 1 1 0 0 1 1 1 0 0 1 0 0 0 1 1 1 0 1 0 1 0 0 0 1 1 1 0 0 0 0 1 1 0 1 0 1 0 0 1 0 0 0 0 0 1 0 1 
0 1 1 0 0 1 0 1 1 1 0 0 1 1 0 0 1 1 1 0 1 0 0 0 0 1 0 1 0 1 1 1 1 1 0 1 0 0 1 0 1 0 1 0 0 1 0 0 0 0 1 1 0 0 1 0 0 0 1 0 0 0 1 1 1 1 1 1 1 1 1 1 0 1 0 0 0 1 1 0 0 1 0 1 0 0 1 1 1 0 0 1 0 0 0 1 0 1 1 0 
1 0 0 0 1 0 1 1 1 0 0 0 1 1 1 1 1 0 1 0 1 1 1 0 0 1 0 0 1 0 0 1 0 1 0 0 1 1 0 0 1 0 0 0 0 1 0 0 1 0 1 1 0 1 0 0 0 1 0 1 0 0 1 0 0 0 1 1 1 1 0 1 0 1 1 0 0 1 0 0 0 1 1 0 1 0 1 1 1 0 1 1 0 0 0 1 0 1 0 1 
0 1 1 1 0 1 0 1 0 1 0 0 1 1 1 0 1 0 1 0 0 1 1 0 1 0 0 0 1 0 1 0 1 1 0 1 0 0 0 0 0 0 1 0 0 1 1 0 1 1 1 1 0 0 1 0 0 1 1 1 0 0 1 0 0 0 1 1 1 1 1 1 0 0 0 0 0 0 0 0 0 1 1 1 1 0 1 1 1 0 0 1 0 1 1 0 0 1 0 0 
0 0 0 0 1 1 0 1 0 1 0 1 1 1 0 0 1 1 1 0 0 0 1 0 0 1 0 0 1 1 1 0 1 1 0 1 1 0 0 0 1 1 1 1 0 1 1 0 0 0 1 0 0 1 0 0 0 0 0 0 0 0 1 0 0 0 1 1 1 1 1 1 0 1 0 0 1 1 0 0 0 1 0 1 0 0 1 1 1 0 1 1 0 0 1 0 0 1 0 1 
0 1 0 1 0 1 0 1 1 0 0 1 1 1 1 0 1 1 0 0 1 1 1 0 1 1 0 1 1 0 1 0 1 1 0 1 0 0 1 0 1 0 1 0 1 0 1 0 1 1 0 1 1 0 0 0 0 1 0 0 0 0 1 0 0 1 1 0 1 1 0 0 1 0 0 0 0 1 1 0 0 0 1 1 0 1 1 1 1 0 0 1 1 0 1 0 0 1 0 0 
1 0 0 0 0 1 0 1 1 0 0 1 1 1 1 0 1 1 1 0 0 0 1 0 1 1 0 1 1 1 0 0 1 1 0 1 0 0 0 0 1 1 1 1 1 1 1 0 1 1 1 0 0 0 0 0 0 1 1 0 1 0 1 1 0 0 1 1 1 0 0 0 0 0 0 1 0 1 1 0 0 0 0 1 1 0 1 1 1 0 0 1 0 0 1 0 0 1 1 0 
0 0 0 0 0 1 1 1 1 1 0 0 1 1 1 1 1 1 1 0 0 0 1 0 0 0 0 0 1 1 1 0 1 1 0 1 1 0 0 0 1 0 1 0 0 0 1 1 1 0 0 1 1 0 0 0 0 1 1 1 0 0 1 0 1 0 1 0 1 0 1 1 0 0 0 1 1 1 1 0 0 1 0 0 1 1 1 1 0 0 0 1 0 0 1 1 0 1 0 1 
0 1 0 1 0 1 1 1 0 1 0 0 1 1 1 1 1 1 1 0 1 0 0 1 0 1 0 1 1 1 1 0 1 0 1 1 1 0 0 0 1 0 0 1 0 1 1 0 0 1 1 0 1 1 0 0 0 1 1 1 0 0 1 0 0 1 1 1 1 0 1 1 1 1 0 0 1 1 1 0 0 1 1 1 1 0 1 1 1 1 1 1 0 0 1 1 0 1 0 0 
0 1 1 1 0 1 0 0 1 0 0 1 1 1 0 0 1 0 0 0 0 0 0 0 0 0 0 1 1 1 1 0 0 1 0 1 1 0 0 0 1 0 1 0 1 0 0 0 0 0 1 1 0 0 1 1 0 1 0 0 0 0 0 1 0 1 1 1 1 1 0 0 0 0 0 0 0 1 1 0 0 1 0 0 0 0 1 1 1 0 0 1 0 0 1 1 0 0 0 0 
1 0 0 1 1 0 1 1 1 0 0 1 1 1 1 0 1 1 0 0 0 1 0 0 1 1 0 1 1 1 0 0 1 1 0 1 1 0 0 0 1 0 0 0 1 0 0 0 1 0 1 1 0 0 1 0 0 1 1 0 0 0 1 0 0 1 1 1 1 1 1 0 1 0 0 0 0 1 1 0 0 1 0 1 1 0 1 1 1 0 0 0 0 1 1 0 0 1 1 0 
0 0 0 1 0 1 1 0 0 1 0 1 1 1 0 0 1 0 1 0 0 0 1 1 1 1 0 1 1 1 1 0 1 1 0 0 0 0 1 0 1 0 1 1 1 1 1 0 0 0 1 1 1 1 1 0 0 1 0 0 0 1 1 1 0 0 1 1 1 1 1 1 0 0 0 0 1 1 0 0 0 1 0 0 1 0 1 0 0 0 0 1 0 1 0 1 0 0 1 1 
0 1 0 0 0 1 0 0 0 1 0 0 1 1 1 1 1 1 1 0 0 1 1 0 1 1 0 1 1 1 0 0 0 0 0 0 0 0 0 1 1 1 1 0 1 1 0 0 1 1 1 1 1 1 0 1 0 1 1 0 1 0 1 1 0 0 1 1 1 0 0 1 0 0 0 1 0 1 0 0 0 1 1 1 1 0 1 1 1 0 1 1 0 0 0 0 0 1 0 0 
0 1 0 0 0 0 0 1 1 1 0 1 1 1 1 0 1 0 1 0 0 1 1 0 0 1 0 0 1 1 1 0 0 1 0 1 1 0 0 0 1 1 1 0 1 1 1 0 1 0 0 1 1 1 1 0 0 1 1 0 0 0 1 1 1 0 1 1 1 0 0 1 0 0 0 0 0 1 0 1 0 1 1 1 1 0 1 0 1 0 0 1 1 0 0 0 1 1 0 0 
0 1 0 0 0 1 0 1 1 1 0 0 1 1 1 0 1 1 1 0 0 1 1 0 1 1 0 1 0 1 1 0 0 1 0 1 1 0 0 0 0 0 1 0 1 1 1 0 1 0 0 1 0 0 0 0 0 0 0 0 1 0 1 0 1 1 1 0 1 1 1 0 1 0 0 0 1 1 0 0 0 1 1 1 0 0 1 1 1 0 0 0 1 1 0 0 0 1 1 0 
1 0 1 1 0 1 1 1 1 0 0 1 1 1 1 0 1 0 1 0 0 1 1 1 0 0 0 1 1 0 1 0 1 1 1 1 1 0 1 0 1 0 0 0 0 1 0 0 0 0 1 1 1 1 0 0 0 0 1 0 1 0 1 0 0 1 1 0 1 1 1 0 0 1 0 0 0 1 1 0 0 1 0 1 0 1 1 1 1 0 0 1 0 0 1 1 0 1 1 0 
1 1 0 1 0 1 0 1 1 0 0 1 1 1 0 0 1 0 0 0 0 0 1 0 0 1 0 1 1 1 1 0 1 1 1 1 0 0 1 0 0 1 0 1 0 1 0 0 1 1 0 0 0 0 1 0 0 1 1 1 0 0 1 1 0 1 1 0 1 0 0 1 1 0 0 0 0 1 0 0 1 1 0 0 0 0 1 0 1 0 0 1 0 0 0 1 0 1 1 0 
0 0 1 0 0 1 0 1 1 1 1 0 1 1 0 1 0 0 1 0 0 1 0 0 1 0 0 1 1 0 1 0 1 1 0 1 1 0 0 0 0 1 1 1 0 1 1 0 1 1 1 1 0 0 0 0 0 1 1 0 0 0 1 1 0 0 1 1 1 0 1 1 0 0 1 1 0 1 0 0 0 1 0 1 1 0 1 1 1 0 0 1 0 0 1 0 1 1 1 0 
0 0 0 1 1 0 0 1 1 1 0 1 1 0 1 0 1 0 1 0 0 0 0 1 1 1 0 0 1 1 1 0 1 1 1 1 1 0 0 0 1 0 1 1 1 1 0 0 1 0 1 1 1 1 0 0 0 1 1 1 0 0 1 1 0 1 1 1 1 1 1 0 1 0 0 0 0 1 1 0 0 1 1 1 1 0 1 1 1 0 1 1 0 1 1 0 1 1 1 1 
1 1 0 0 0 1 0 1 0 0 0 1 1 0 0 0 1 0 1 0 1 0 1 1 1 1 0 0 1 1 1 0 0 0 0 1 0 0 0 0 1 0 0 1 0 0 1 1 1 1 1 1 0 0 1 0 0 1 0 0 0 0 1 1 0 0 1 1 1 1 0 1 1 0 0 0 1 1 1 0 0 1 0 1 0 0 1 1 1 0 1 1 0 0 1 0 0 1 0 0 
1 1 0 0 0 0 0 0 1 1 0 1 1 1 1 0 1 1 1 0 0 0 0 1 1 0 0 1 1 0 1 1 1 1 0 1 1 0 0 0 1 0 0 1 0 1 1 0 1 0 0 1 0 0 0 0 0 1 1 1 0 0 1 1 0 1 1 1 1 0 1 1 0 0 0 0 0 0 0 0 0 1 0 1 0 0 1 1 1 0 0 0 1 1 0 0 0 1 1 0 
0 1 0 0 0 0 0 1 1 1 0 1 1 1 1 1 1 1 1 0 1 1 1 1 0 0 0 1 1 0 1 0 1 1 1 1 0 0 0 0 1 0 1 1 1 1 0 0 1 0 0 1 0 0 1 0 0 1 1 0 0 0 1 1 1 1 0 0 1 1 0 0 0 1 0 0 0 1 0 0 0 0 0 1 1 0 1 0 0 0 1 1 0 0 1 1 0 1 1 0 
1 0 0 1 0 1 0 1 1 1 0 1 1 1 0 0 1 1 1 0 0 0 0 0 1 0 0 1 0 1 1 0 0 1 1 1 0 0 1 0 1 0 1 0 1 1 1 0 1 0 1 0 1 1 1 0 0 0 1 0 0 0 1 0 0 0 1 1 0 0 0 0 0 0 0 0 1 0 0 0 0 0 0 1 1 1 1 0 1 0 1 1 0 1 0 0 0 1 1 1 
0 0 1 0 0 0 0 1 1 1 0 1 1 1 0 0 1 1 1 0 1 1 0 0 0 1 0 1 0 1 1 0 0 1 0 1 0 0 0 0 0 0 0 0 0 1 0 0 0 0 0 0 1 0 1 0 0 1 1 1 0 0 1 1 1 0 1 0 1 1 1 1 1 0 0 0 1 1 0 0 0 1 0 1 0 0 1 0 0 0 1 1 0 1 1 0 0 1 0 0 
1 1 0 1 0 1 0 1 1 1 0 1 1 0 1 0 1 0 1 0 0 1 1 0 0 1 0 0 1 0 0 0 1 1 1 1 0 0 0 0 1 1 0 0 1 1 1 0 0 0 1 1 0 0 0 0 0 1 1 1 0 0 1 0 0 0 1 1 1 0 1 1 0 0 0 0 0 1 0 0 0 1 1 1 1 1 1 0 0 0 0 1 0 1 1 1 0 0 0 1 
0 1 1 1 0 1 0 1 0 1 0 1 1 1 1 1 1 0 1 0 1 0 1 0 0 1 0 0 1 1 1 1 1 1 0 1 0 1 1 0 1 1 1 1 1 1 1 0 1 0 1 0 0 1 1 1 0 1 1 1 1 0 1 1 1 0 1 1 1 1 1 1 1 0 0 0 0 1 0 0 0 0 1 1 1 0 1 1 1 0 0 1 0 0 1 1 0 1 1 1 
1 1 0 1 0 1 0 1 1 1 0 1 1 0 0 1 1 0 1 1 1 0 0 0 0 1 0 1 0 1 1 0 1 1 1 1 0 0 0 0 1 0 0 0 0 0 0 0 1 0 1 1 0 0 1 0 0 0 0 0 0 0 1 1 0 0 1 1 1 1 1 1 0 1 0 0 0 1 0 0 0 1 1 1 1 0 1 1 1 0 0 1 0 1 0 0 0 1 1 0 
0 1 0 0 0 1 0 0 1 1 0 1 1 0 1 0 1 0 1 0 0 0 0 0 0 1 0 0 1 1 0 0 1 1 1 1 0 0 0 0 0 0 1 1 1 1 1 0 0 1 0 1 0 0 0 0 0 1 1 0 0 0 1 1 0 0 1 1 1 0 1 1 1 0 0 0 0 1 1 0 0 1 0 1 0 1 1 0 1 0 1 0 0 1 1 0 0 1 1 1 
0 0 1 1 0 1 1 1 1 1 1 0 1 1 1 1 0 0 1 1 0 0 0 0 1 1 0 0 1 0 1 0 1 1 0 1 1 0 0 0 0 1 1 0 1 1 1 0 0 0 1 1 1 0 0 0 0 1 0 0 0 0 1 1 0 0 0 1 1 1 0 1 0 0 0 0 0 1 0 0 0 1 0 1 1 1 1 1 1 0 0 1 0 1 0 1 0 1 1 0 
0 0 0 0 0 1 0 0 1 0 0 0 1 0 1 1 1 0 1 0 0 0 0 0 0 1 0 1 1 0 1 1 1 1 0 1 1 0 0 0 1 1 0 0 1 1 0 0 1 1 1 1 0 1 1 0 0 1 1 1 0 0 1 1 1 0 0 0 0 1 0 1 1 0 0 0 0 1 0 0 0 1 1 1 1 0 1 0 1 0 0 1 1 1 0 1 0 1 0 0 
1 0 0 0 0 0 1 0 0 0 1 1 1 1 1 1 1 1 1 0 0 1 1 0 0 1 0 0 1 0 1 0 1 1 1 1 1 0 1 1 1 0 0 1 0 1 1 0 1 1 1 1 0 1 0 1 0 0 1 1 0 0 1 1 0 1 1 1 1 1 0 0 1 1 0 0 0 1 0 0 0 1 0 0 1 0 1 0 1 0 1 0 0 0 1 1 0 0 0 1 
0 1 0 0 0 0 0 1 1 1 0 1 1 1 0 0 0 0 1 0 1 0 1 0 1 1 0 0 1 1 1 0 1 0 0 1 1 0 0 0 1 1 0 1 0 1 0 0 1 0 1 0 0 0 1 0 1 1 1 1 0 0 1 0 0 0 1 0 1 0 1 1 1 1 0 0 0 1 1 0 0 1 1 0 0 0 1 1 1 0 0 1 0 1 1 1 0 1 0 1 
0 0 0 1 0 1 0 1 1 0 0 1 1 0 1 1 1 0 1 0 1 1 1 1 1 1 0 0 1 0 1 0 1 1 0 0 0 0 0 0 1 1 1 0 0 1 1 0 1 1 1 1 1 0 0 0 0 1 1 1 1 0 1 0 1 0 1 0 1 0 1 1 0 0 0 0 0 1 1 0 0 1 0 1 0 0 1 1 1 0 0 0 0 1 1 0 1 1 1 0 
0 1 0 0 0 1 0 1 1 1 0 1 1 1 1 0 1 0 1 0 0 0 1 0 0 0 0 0 0 1 1 0 1 1 1 1 0 0 0 0 1 0 1 1 1 0 0 0 1 0 0 1 0 0 0 0 0 1 1 1 1 0 1 1 0 0 1 1 1 0 1 0 0 0 0 1 1 1 1 1 0 0 1 1 1 0 1 0 1 0 0 1 0 1 0 0 0 0 1 1 
0 0 0 0 0 1 0 1 1 1 0 1 1 1 1 0 1 1 1 0 0 1 0 0 1 1 0 1 1 1 1 0 1 1 0 1 1 0 1 0 1 0 1 1 0 1 1 0 1 0 0 1 1 0 1 0 0 0 1 1 0 0 1 0 1 1 1 1 0 0 0 1 1 0 0 0 1 1 1 0 0 1 1 1 1 0 1 1 1 0 0 1 0 0 1 0 1 1 1 0 
0 1 0 1 0 1 0 1 1 1 0 1 1 1 1 1 1 1 1 0 1 1 1 1 0 1 0 0 1 0 1 0 1 1 0 1 1 0 0 0 1 0 1 0 0 1 1 1 0 1 1 0 0 1 1 0 1 1 1 1 0 0 1 0 0 1 1 0 1 1 0 1 0 0 0 0 0 1 1 0 0 1 0 1 1 1 1 1 1 0 0 1 0 1 1 0 0 1 0 1 
1 1 0 1 0 1 1 1 1 1 0 1 1 1 1 1 1 0 0 0 0 1 0 0 1 1 0 1 1 1 0 0 1 1 0 0 0 0 0 0 1 1 1 1 0 1 1 0 1 0 0 0 1 1 1 0 0 1 1 0 0 0 1 0 0 1 0 1 0 1 1 1 0 0 0 0 1 1 1 0 0 1 1 0 0 0 1 1 1 0 0 1 0 0 1 0 0 1 0 0 
1 1 1 0 1 0 0 1 1 0 0 1 1 1 1 1 0 1 1 0 1 0 1 0 1 0 0 1 1 1 1 0 1 1 1 1 1 0 0 0 1 0 1 1 0 0 1 0 1 0 0 0 1 1 0 0 0 1 1 1 1 0 0 1 0 1 1 1 1 0 0 0 0 1 0 1 0 1 1 1 0 1 0 1 1 0 1 1 1 0 0 1 0 0 0 0 0 1 1 0 
0 0 0 0 0 0 1 1 0 1 0 1 1 1 1 0 0 0 0 0 1 0 1 0 0 1 0 1 1 1 0 0 1 1 0 1 0 0 1 0 0 1 1 0 1 1 1 0 0 1 1 0 0 1 1 0 1 0 1 1 0 0 1 1 0 0 1 0 1 1 1 1 0 0 0 0 1 1 1 0 0 1 1 1 1 0 1 0 1 0 0 1 0 1 1 0 0 1 1 0 
0 0 1 1 1 1 0 0 1 1 0 1 1 1 1 0 1 0 1 0 1 1 0 0 1 0 0 0 1 1 1 0 1 1 0 1 0 0 0 0 1 1 0 1 0 1 0 0 1 0 1 0 1 0 1 0 0 1 1 1 0 0 1 0 0 0 1 1 1 1 1 1 0 0 0 1 0 1 1 1 0 0 1 1 0 0 1 1 1 0 0 1 0 1 1 0 0 1 0 1 
1 0 1 0 0 0 1 1 1 0 0 1 1 1 1 0 1 0 0 0 1 0 1 0 1 1 0 0 1 0 1 0 1 1 1 1 1 0 1 0 1 1 0 0 0 1 1 0 1 1 0 0 0 1 1 0 0 0 1 1 0 0 1 1 1 1 1 1 1 0 1 1 1 0 0 1 1 0 0 1 0 1 1 0 0 0 1 1 1 0 0 1 0 0 1 0 0 1 0 0 
0 1 0 0 0 1 0 1 1 1 0 1 1 1 0 0 1 0 1 0 1 0 0 0 1 1 0 1 1 1 1 1 1 1 0 1 1 0 0 0 1 1 1 1 0 1 1 1 1 1 1 1 0 0 1 0 0 1 1 1 0 0 1 0 0 0 1 1 1 0 0 0 1 0 0 1 1 1 1 0 0 0 1 0 1 0 1 1 0 0 1 1 0 0 0 1 0 1 1 0 
1 1 0 1 0 1 1 1 1 1 0 1 1 1 1 0 1 1 0 0 1 1 0 1 1 1 0 1 1 1 1 0 1 1 0 1 0 0 0 0 1 0 1 1 1 1 0 1 1 0 1 0 0 1 1 0 0 0 1 0 0 0 1 0 0 0 1 1 1 1 0 1 0 0 0 0 0 0 1 0 1 1 1 0 1 0 1 1 1 0 0 1 0 1 1 0 0 1 0 0 
0 0 0 1 0 1 0 0 1 1 0 0 1 1 0 0 0 1 1 0 0 0 1 0 0 1 0 1 1 1 1 0 0 0 1 1 0 0 0 0 1 1 1 0 0 0 0 0 1 0 1 1 0 0 1 0 0 1 1 1 0 0 1 0 0 1 1 0 1 1 1 1 0 0 0 0 0 0 0 0 0 1 1 1 0 0 1 0 0 0 0 1 0 0 0 0 0 1 1 0 
0 1 0 0 0 0 0 1 1 1 0 1 1 1 1 1 1 1 1 0 1 1 1 0 0 0 0 0 1 1 1 0 1 1 1 0 0 0 1 0 1 0 0 0 0 1 0 0 1 0 1 1 0 0 0 0 0 0 1 0 0 0 1 1 0 0 1 1 0 0 0 0 0 0 0 0 0 1 1 1 0 1 0 1 1 0 1 1 0 0 0 1 0 1 1 1 1 1 0 0 
0 1 1 1 0 0 0 1 1 1 0 1 1 0 1 1 1 0 1 0 0 0 0 1 0 1 0 1 1 1 1 0 0 1 0 1 0 0 0 0 1 0 0 1 0 1 1 0 0 0 1 1 0 0 0 0 0 1 1 0 1 0 1 1 0 0 1 0 0 1 0 0 0 0 0 0 1 0 0 1 0 1 1 0 0 1 1 1 1 0 0 1 0 0 1 1 0 1 0 1 
0 0 1 1 0 0 1 1 1 1 0 0 1 1 1 0 1 1 0 0 1 0 0 1 1 1 0 1 0 0 1 1 1 1 1 1 0 0 0 0 0 0 0 1 1 1 0 0 1 1 1 1 1 0 1 0 0 0 1 0 0 0 1 1 0 0 1 1 1 0 0 1 1 0 0 0 1 1 0 0 0 1 1 1 0 1 1 1 1 0 0 1 0 0 1 0 0 1 1 0 
1 0 0 1 0 0 0 1 1 0 0 0 1 1 1 0 1 0 1 0 0 1 0 0 1 1 0 0 1 0 1 0 1 1 0 1 0 0 0 0 1 1 0 0 0 1 1 1 1 1 0 1 0 1 1 0 1 0 1 1 1 0 1 1 1 0 1 1 1 0 1 1 1 0 0 0 0 1 1 0 0 1 0 0 0 0 1 1 1 0 0 0 0 0 1 1 1 1 0 1 
1 1 0 0 0 1 0 1 1 1 0 0 1 1 1 0 1 1 0 0 0 1 1 0 0 1 0 0 1 0 1 0 1 1 0 1 0 1 0 0 1 1 1 1 0 1 0 0 0 1 1 0 1 1 1 0 0 1 1 1 0 0 1 1 0 0 1 1 1 1 1 1 1 1 0 0 0 1 1 0 0 0 1 1 1 1 1 1 1 0 0 1 0 1 1 0 0 1 1 1 
0 0 0 1 0 1 1 0 1 0 0 1 1 1 1 1 1 1 1 0 0 0 1 0 0 1 0 1 1 1 1 0 1 1 1 1 1 0 1 0 1 0 1 0 0 0 1 0 1 0 1 1 1 0 0 0 0 1 1 0 0 0 1 0 1 0 1 0 1 1 1 0 1 0 0 0 1 1 1 0 0 1 1 0 0 0 1 1 1 0 0 1 0 1 1 1 1 1 1 0 
0 1 0 1 0 1 0 1 1 1 0 1 1 1 1 1 1 0 1 0 1 0 1 0 0 1 0 1 1 1 1 0 0 1 1 1 0 0 0 0 1 0 0 0 0 1 1 0 1 0 1 1 0 0 0 0 0 1 1 1 0 0 1 1 1 1 1 1 1 1 1 1 1 0 0 0 0 0 0 0 0 1 0 0 1 1 1 1 0 0 0 1 0 1 1 1 1 1 0 1 
1 0 1 0 0 1 0 1 1 0 0 0 1 1 1 0 1 1 1 0 1 0 1 0 0 1 0 1 1 1 1 0 1 1 0 1 0 0 0 0 1 0 1 0 0 1 1 0 0 0 1 0 0 1 1 0 0 0 1 0 0 0 1 1 0 0 1 1 1 1 0 1 0 1 0 0 1 0 1 0 0 1 0 1 0 1 1 0 1 0 0 1 0 0 1 1 0 1 1 1 
1 1 0 1 0 1 0 0 1 1 0 1 1 1 1 1 1 0 1 0 0 0 0 0 1 1 0 0 1 1 1 0 0 1 0 1 0 0 0 0 1 0 1 0 0 0 1 0 1 1 1 0 1 1 1 0 0 0 1 0 0 0 1 1 0 0 1 1 1 0 1 1 0 0 0 0 0 1 0 0 0 0 0 1 1 1 1 1 1 0 1 0 0 0 0 1 0 0 0 0 
0 0 0 1 0 1 1 0 1 1 0 0 1 0 1 0 1 0 0 0 0 0 1 0 0 1 0 1 1 1 1 0 0 1 1 1 0 0 0 0 1 0 1 1 0 0 1 0 1 1 0 1 0 1 1 0 0 1 1 1 0 0 1 0 0 0 1 1 1 0 0 1 1 0 0 0 0 1 1 0 0 0 0 1 0 1 1 1 1 0 0 1 0 1 1 0 1 1 0 1 
1 0 0 1 0 1 0 1 1 1 0 0 1 1 1 0 1 1 1 1 0 0 0 0 1 1 0 0 0 1 1 0 1 1 1 1 0 0 0 0 1 0 1 1 0 0 1 0 0 0 1 1 0 0 1 0 0 1 0 1 0 0 1 1 0 0 1 0 1 0 1 1 0 1 0 0 1 1 0 0 0 1 0 1 1 0 1 0 1 0 1 1 0 1 1 0 0 1 1 0 
0 1 0 1 1 1 0 0 1 1 0 1 1 1 1 1 1 0 1 0 0 0 0 1 1 1 0 1 1 0 1 0 0 1 1 1 1 0 0 0 0 1 0 1 0 1 0 1 0 1 0 1 1 0 0 0 0 1 1 0 0 0 1 1 1 0 1 0 1 0 1 1 0 0 1 0 0 0 0 0 0 0 1 1 0 0 1 0 0 0 1 0 0 0 0 1 0 1 0 1 
0 1 0 0 0 0 0 1 1 0 0 1 1 1 1 1 1 1 0 0 1 0 0 0 0 0 0 0 1 1 1 0 1 1 0 1 1 0 0 0 1 0 1 0 0 0 1 0 1 1 1 1 0 0 0 0 0 1 1 0 0 0 1 1 0 0 1 1 1 1 1 1 1 0 0 1 0 1 0 0 0 1 1 1 0 0 1 1 1 0 0 1 1 0 0 0 0 1 0 0 
0 1 0 1 0 1 0 0 1 1 0 1 1 1 1 1 1 0 1 0 0 0 0 0 1 1 0 0 1 0 0 0 1 1 0 1 0 0 0 0 1 0 1 0 1 1 1 0 0 1 1 0 0 1 0 0 0 0 1 0 1 0 1 0 0 1 1 0 1 1 0 1 0 0 0 0 1 0 1 0 0 1 1 1 1 0 1 1 1 0 1 1 0 1 1 1 0 1 0 1 
0 1 0 1 1 1 1 1 1 0 0 0 1 1 1 1 1 0 1 0 0 0 0 0 0 1 0 1 0 0 1 0 1 1 0 1 0 0 0 0 0 1 0 1 0 1 1 0 1 1 0 1 0 0 1 0 0 1 1 0 0 0 0 1 0 0 1 0 1 1 1 0 0 0 0 0 0 1 1 0 0 1 0 1 0 0 1 1 0 0 0 1 0 1 0 0 0 1 0 0 
1 1 0 0 0 1 0 1 0 1 0 1 1 0 0 0 1 0 1 0 1 1 1 0 1 1 0 1 1 0 1 0 1 1 1 1 1 0 0 0 1 0 1 1 1 1 1 0 1 0 0 0 0 0 1 1 0 1 1 1 0 0 1 0 1 0 1 0 1 0 1 1 1 0 0 0 0 0 0 0 0 0 1 0 0 1 1 1 1 0 0 0 0 1 0 1 0 1 1 0 
0 0 0 1 1 0 0 0 1 1 0 1 1 0 1 0 1 0 1 0 1 0 1 0 1 1 0 0 0 0 1 0 1 1 1 1 1 0 1 0 1 0 0 1 1 1 1 0 1 1 0 1 0 0 0 1 0 1 1 0 0 0 1 0 1 1 1 0 1 0 0 1 0 0 0 0 0 1 1 0 1 1 1 0 1 1 1 0 0 0 0 1 0 0 0 1 0 1 0 0 
0 0 0 1 0 1 0 1 0 1 0 1 1 1 0 0 1 0 1 0 1 1 0 0 1 0 0 1 1 0 1 0 1 1 0 1 1 0 0 0 1 0 1 1 0 1 1 0 0 1 1 1 0 1 1 0 0 1 1 1 0 0 1 0 1 0 1 1 1 1 1 1 1 0 0 1 1 1 1 0 0 0 1 1 0 0 1 1 1 0 1 1 0 1 0 1 0 1 0 1 
0 1 0 0 0 0 0 0 1 1 0 0 1 1 1 0 1 1 1 0 0 1 0 0 1 1 0 1 1 1 1 0 1 1 0 0 1 0 0 0 1 1 0 1 1 1 1 0 1 0 1 1 1 0 0 0 0 0 1 1 0 0 1 1 0 0 1 1 1 1 0 1 0 0 0 0 0 0 0 0 0 1 1 1 0 0 1 0 1 0 1 1 0 1 1 0 0 0 0 0 
1 1 1 0 0 1 1 1 1 1 0 1 1 1 1 0 1 1 1 0 0 0 0 1 1 0 0 1 1 0 0 0 1 1 0 1 1 0 1 0 1 1 1 1 1 1 0 0 0 0 0 0 0 0 1 0 0 1 1 1 0 0 1 1 0 0 1 1 1 0 1 1 1 0 0 0 1 1 1 0 0 1 0 1 1 0 1 1 0 0 0 1 0 1 1 0 0 1 1 1 
0 0 1 0 0 0 0 1 1 0 0 1 1 1 1 0 0 0 1 0 1 0 1 0 1 1 0 0 0 1 0 0 1 1 1 1 1 0 1 0 1 1 0 0 1 0 1 0 1 0 0 1 0 0 0 0 0 0 1 1 0 0 1 0 0 0 0 1 1 0 1 0 0 1 0 0 0 1 0 0 0 1 0 1 0 0 1 1 1 0 0 1 0 1 1 1 0 0 1 1 
1 0 1 0 0 1 0 1 1 0 0 1 1 1 0 1 0 1 1 0 0 1 1 1 0 1 0 0 1 1 1 1 1 1 1 0 1 0 0 0 1 0 1 1 0 1 0 0 0 1 0 1 1 0 0 0 0 0 1 1 0 0 1 0 1 1 1 0 1 1 1 1 1 0 0 0 0 1 0 0 0 1 1 1 1 0 1 1 1 0 0 1 0 0 1 1 1 1 1 0 
0 0 1 1 1 1 0 0 0 0 0 1 1 1 1 0 0 0 1 0 1 0 1 0 1 1 0 0 1 1 1 0 1 1 0 0 1 0 0 0 1 0 1 1 0 1 1 0 1 0 0 1 1 1 0 0 0 0 1 1 0 0 1 0 0 0 1 0 0 0 0 1 1 0 0 1 1 1 1 0 0 1 1 0 1 0 1 0 1 0 1 0 0 1 0 0 0 1 1 1 
0 0 1 0 0 0 0 1 1 1 1 0 1 1 1 0 1 1 1 0 1 0 0 1 0 0 0 1 1 1 1 0 0 1 0 1 1 0 1 0 1 0 1 0 0 1 0 0 0 1 1 1 1 0 0 0 0 1 1 1 0 0 1 0 1 1 1 1 1 0 0 0 0 0 0 1 0 0 1 0 0 1 0 0 1 0 1 0 1 1 0 1 0 1 1 1 0 1 0 0 
0 0 1 1 0 1 0 0 1 0 0 0 1 0 1 1 1 1 1 0 1 0 1 0 1 1 0 1 1 0 1 1 1 1 1 0 1 0 0 0 1 0 0 1 0 1 1 0 1 1 1 1 1 1 0 0 0 0 1 0 0 0 1 1 0 0 1 0 1 0 1 0 0 0 0 0 1 1 1 0 0 1 0 1 1 0 1 0 0 0 0 0 0 0 1 0 0 1 1 1 
0 1 1 1 0 1 0 1 1 1 0 0 1 1 1 0 1 1 0 0 1 0 0 0 1 0 0 1 1 1 1 1 1 1 0 1 1 0 0 0 1 1 1 1 1 0 1 1 0 1 1 0 1 0 1 1 0 1 1 0 1 0 1 0 0 1 1 0 1 1 1 1 0 0 0 0 0 1 1 0 0 1 0 0 1 0 0 0 1 0 0 1 1 0 1 0 0 1 1 1 
