120 120
31 62 30 92 64 43 50 110 116 56 62 101 47 17 18 79 93 26 59 61 95 70 23 113 46 97 59 11 1 68 115 61 21 22 59 70 107 11 36 119 28 97 86 87 52 36 2 112 86 62 86 53 43 52 31 85 28 27 2 3 18 100 65 71 56 97 24 21 116 9 112 98 28 47 109 51 4 47 71 41 78 89 19 112 98 12 91 91 15 38 76 25 59 7 119 104 5 72 118 111 4 16 16 27 101 42 53 108 32 23 82 83 66 51 80 68 88 106 11 73 
43 103 31 64 67 104 11 20 98 10 24 4 45 63 80 77 84 21 14 83 114 6 89 67 45 70 97 55 78 116 62 105 9 109 115 59 61 116 93 101 76 54 112 99 102 119 56 6 58 28 21 16 64 77 19 56 91 104 104 26 42 7 51 36 32 53 64 62 97 42 70 79 20 50 11 81 9 87 82 65 58 109 61 90 100 106 30 93 67 75 105 8 104 28 70 94 85 24 42 1 118 94 54 111 22 47 97 91 10 109 60 91 70 57 95 48 104 88 55 53 
-1
0 0 0 0 0 0 0 1 1 1 1 0 1 0 1 1 1 0 0 1 0 0 0 1 0 1 0 0 0 1 1 1 1 1 1 0 1 0 0 1 1 1 0 1 1 1 0 0 0 0 0 1 1 0 0 0 0 1 1 1 1 1 1 1 0 1 0 1 0 1 0 0 0 1 0 0 1 0 1 1 0 0 1 1 0 0 1 1 1 1 0 0 0 0 0 0 1 1 0 1 0 0 1 0 1 0 0 1 1 0 1 1 1 1 1 0 0 0 0 1 
0 0 0 0 0 0 0 0 0 1 1 0 1 0 1 1 1 0 0 1 1 0 0 0 0 0 1 1 0 1 0 0 0 1 1 0 0 0 1 0 0 0 0 1 1 1 0 0 1 0 1 0 0 1 1 0 0 0 1 1 1 1 1 1 0 1 1 0 0 1 1 0 0 1 0 0 1 0 1 1 0 0 1 1 0 1 1 1 1 1 0 0 0 1 1 0 1 1 0 1 1 0 1 0 0 0 1 1 1 0 0 1 1 1 0 0 1 0 1 1 
1 1 0 0 0 0 1 0 1 1 1 1 0 0 1 1 1 0 0 1 1 0 1 1 0 1 0 0 0 1 1 0 0 0 0 1 0 1 1 1 1 1 0 1 1 0 0 0 1 0 1 1 1 0 1 0 1 0 1 0 1 1 1 1 1 0 1 1 0 1 0 0 0 1 0 0 1 0 1 1 1 0 1 1 0 1 1 1 1 0 0 1 0 1 0 1 1 1 0 1 1 0 1 0 0 0 1 0 1 0 1 0 1 1 1 1 0 1 0 0 
1 1 0 0 0 0 1 1 1 0 0 0 0 1 1 1 0 0 1 1 1 1 0 1 0 1 0 0 0 1 0 0 1 1 1 0 1 1 1 1 1 1 0 1 1 1 0 0 0 0 1 1 1 0 1 1 0 0 1 0 1 1 1 1 1 1 1 1 0 1 0 0 0 1 0 0 0 0 0 1 0 0 0 1 0 1 1 1 1 1 0 1 1 1 0 0 1 1 1 1 1 0 1 0 0 0 1 1 1 0 1 1 1 1 0 0 0 0 0 1 
1 1 0 0 0 0 1 1 1 1 1 1 0 1 1 1 0 0 0 1 1 1 0 1 0 0 1 0 1 1 1 0 1 1 1 1 1 0 0 1 0 1 0 1 0 1 0 0 1 0 0 0 1 0 0 1 1 1 1 0 1 1 1 1 1 1 0 0 0 1 0 0 0 0 0 0 1 0 1 1 0 0 0 1 0 0 1 1 1 0 1 0 1 0 1 1 0 0 1 1 1 1 0 0 1 0 1 0 1 0 1 1 1 1 1 0 0 1 1 1 
0 1 0 0 0 0 0 1 0 1 1 0 0 0 1 1 1 0 1 1 1 0 1 1 0 1 1 1 0 1 0 1 0 0 1 1 0 0 1 0 1 1 0 1 1 1 0 0 1 0 0 0 1 0 0 0 0 1 1 0 0 1 1 1 1 0 1 0 0 1 1 0 0 1 0 0 1 0 1 1 1 0 0 1 0 1 1 1 1 0 0 0 0 0 1 1 0 0 1 1 1 0 1 0 0 0 1 0 1 0 1 1 1 1 0 1 0 0 0 1 
1 1 0 0 0 0 0 0 1 0 0 1 0 0 1 1 0 0 0 1 1 0 0 1 0 1 0 0 0 1 0 1 0 0 1 1 0 0 1 1 1 1 0 0 1 1 0 0 1 1 1 1 1 1 0 1 1 0 1 0 1 1 1 1 1 0 0 0 0 1 0 0 1 1 0 0 1 0 1 1 1 0 0 1 0 1 1 1 1 1 0 0 1 1 0 1 1 1 1 1 0 0 1 0 0 1 1 1 1 0 0 1 0 1 0 0 1 0 1 1 
1 1 0 0 0 0 0 1 1 0 1 0 1 1 1 1 0 0 1 1 1 0 0 1 0 0 1 0 0 1 0 1 1 1 1 0 0 0 1 1 1 1 0 1 1 1 1 1 1 0 1 1 1 0 1 1 0 0 1 1 1 1 1 1 1 0 0 1 0 1 0 0 0 1 0 0 1 0 0 1 1 1 0 1 0 1 0 1 1 0 0 1 1 0 1 0 1 1 1 1 1 0 1 0 1 0 1 1 1 0 1 1 1 1 1 0 0 1 0 1 
1 0 0 1 0 0 0 1 1 0 0 1 0 0 1 1 0 0 1 1 1 0 0 1 0 0 0 0 0 1 0 1 1 1 1 1 0 0 1 0 1 1 0 1 1 0 0 0 0 0 0 0 1 0 0 0 0 1 1 0 1 0 0 1 1 1 0 1 0 1 0 0 0 1 1 0 1 0 0 1 1 1 1 1 0 1 1 1 0 0 0 0 0 0 1 1 1 1 0 1 1 0 1 0 0 0 0 0 0 0 1 1 1 1 0 0 1 0 1 1 
0 1 1 0 0 0 1 0 1 1 0 0 0 0 1 0 1 1 1 1 1 0 1 1 0 1 1 1 0 1 1 1 0 0 1 1 0 0 1 1 0 1 0 0 0 1 0 0 1 0 1 0 1 0 1 1 0 0 1 0 1 0 1 1 0 1 1 1 0 1 0 0 0 1 1 0 1 0 1 1 1 0 1 1 0 0 1 1 1 0 0 0 0 0 1 0 0 1 0 1 0 0 1 0 1 1 1 1 1 0 1 1 0 1 0 0 1 0 1 1 
1 1 0 0 0 0 0 0 0 1 1 1 0 0 1 1 0 1 1 1 0 0 1 1 0 0 0 1 1 1 0 1 0 0 1 1 0 0 1 1 1 1 0 0 1 1 1 0 0 0 0 0 1 0 1 0 0 0 1 0 1 1 0 1 1 1 0 0 0 0 0 0 0 1 0 0 1 0 1 1 0 0 0 1 0 1 1 1 1 0 0 0 0 1 1 1 1 1 0 1 1 0 1 0 0 0 1 1 1 0 1 1 1 1 0 0 0 1 1 1 
1 1 0 0 0 0 0 0 0 1 0 1 0 0 1 0 1 0 0 1 1 0 1 1 0 0 0 1 0 0 0 1 0 0 1 0 0 1 1 1 1 1 0 1 1 1 0 0 1 0 1 0 0 0 1 1 0 0 1 0 1 1 1 1 1 0 1 1 0 1 1 0 1 1 1 0 1 0 0 1 0 0 1 0 0 1 1 0 1 0 0 0 0 0 1 0 0 1 1 0 1 0 1 0 1 0 1 0 1 0 1 1 0 1 0 0 0 1 0 1 
1 1 0 0 1 0 0 1 1 1 1 0 1 1 1 1 1 0 0 1 1 1 1 1 1 0 1 0 0 0 1 1 1 0 1 0 0 1 1 1 1 1 0 0 0 1 1 0 1 0 0 1 1 0 1 0 1 0 1 0 1 1 1 1 1 0 1 1 0 1 1 0 1 1 0 0 1 0 0 1 1 1 0 1 0 1 1 1 1 0 0 0 1 0 0 0 1 1 0 1 0 0 0 0 1 0 1 0 1 0 1 1 1 1 0 0 0 0 1 1 
0 1 0 0 0 0 0 1 1 0 0 0 0 1 1 1 1 1 1 1 1 1 1 0 0 1 0 0 0 0 0 1 1 0 1 0 0 0 1 0 1 0 0 1 0 1 1 1 0 0 1 0 1 1 1 1 0 0 1 1 1 1 0 1 1 0 1 1 0 0 0 1 1 1 1 0 1 0 0 1 1 1 0 1 0 1 1 1 1 0 0 1 1 1 1 1 1 1 0 1 1 0 1 0 1 1 1 1 1 0 1 1 0 1 0 0 1 1 1 1 
1 1 0 0 0 0 0 1 1 0 0 0 0 0 0 1 0 0 0 1 1 0 0 0 0 1 1 0 0 1 0 0 1 1 1 0 0 0 1 1 0 1 0 0 0 1 0 0 1 1 1 0 1 1 1 1 0 0 1 0 1 1 0 1 1 0 0 1 0 1 0 0 0 1 0 1 1 0 1 1 1 1 1 1 1 1 1 1 1 0 0 0 0 1 1 0 0 1 0 1 1 1 1 0 1 0 1 0 0 0 1 1 1 1 1 0 0 0 1 1 
1 1 0 0 1 0 0 1 0 0 0 0 0 0 1 1 1 1 0 0 1 0 0 1 0 1 0 1 0 1 1 1 1 1 1 1 1 1 1 0 0 1 0 1 1 1 1 1 1 0 0 0 1 1 0 1 0 0 1 1 1 0 0 1 1 1 1 1 0 1 1 0 1 1 0 0 1 0 1 1 0 0 1 1 0 0 0 1 1 0 1 0 1 0 1 0 0 1 1 1 0 0 1 0 0 0 1 0 1 0 0 1 0 1 0 1 0 0 0 1 
1 1 0 0 0 0 0 0 1 0 0 1 0 0 1 1 0 0 1 0 1 0 0 1 0 1 1 0 0 1 1 1 0 1 1 0 0 1 1 1 1 1 0 0 1 0 0 0 0 0 1 1 0 0 0 0 0 1 0 0 1 1 0 1 1 1 0 0 0 1 1 0 0 1 0 0 0 0 1 1 0 1 0 1 0 1 1 1 1 1 0 0 0 0 1 1 1 1 0 1 0 0 0 0 0 1 1 0 1 0 1 1 0 0 1 0 1 0 1 1 
0 1 0 0 0 0 0 0 1 1 1 0 0 1 1 1 0 1 0 1 1 1 0 1 0 1 1 0 0 1 1 1 0 0 1 0 0 0 1 1 1 0 0 1 1 1 0 1 1 0 1 0 1 1 1 1 0 1 1 1 1 1 1 1 0 0 0 1 1 1 0 0 0 1 0 0 1 0 1 1 1 1 1 1 0 1 1 1 1 1 0 1 0 0 0 1 0 1 1 1 0 0 1 0 1 0 1 0 1 0 0 0 1 0 0 0 0 1 1 1 
1 0 1 1 1 0 1 0 1 1 0 0 1 0 1 1 1 1 0 1 1 0 0 0 1 1 0 0 0 0 1 1 1 0 1 1 1 0 1 1 1 1 0 1 1 1 1 0 1 0 1 1 1 0 0 1 0 1 1 0 1 1 0 1 0 0 0 1 0 1 0 0 0 1 0 0 1 0 0 1 1 0 0 1 0 1 0 1 1 0 1 0 0 1 1 1 1 1 0 1 0 0 0 0 1 0 1 1 1 0 1 0 1 1 1 1 0 1 1 1 
1 1 0 0 0 0 1 0 1 0 0 1 0 0 1 1 0 0 1 1 1 0 0 0 0 1 1 0 0 1 1 1 0 1 1 1 1 1 1 0 1 1 0 1 1 1 0 0 1 0 0 1 1 0 0 0 0 0 1 0 0 0 1 1 1 0 1 1 1 1 1 0 1 1 1 0 1 0 1 1 0 0 1 1 0 1 1 1 1 1 0 0 1 1 1 0 0 1 1 1 1 0 1 0 0 0 1 1 1 0 0 1 1 1 1 0 0 0 1 1 
1 0 0 0 0 0 0 1 1 1 1 1 0 0 1 1 1 1 1 1 1 1 1 1 0 0 1 0 0 1 0 1 1 0 1 0 1 1 1 1 1 1 0 1 0 1 0 0 0 0 1 0 1 1 1 1 0 0 0 0 1 1 1 1 1 1 1 1 1 1 0 0 0 1 0 0 1 1 0 1 0 0 1 1 0 1 0 1 1 1 0 0 0 0 1 1 0 1 0 1 0 0 0 0 0 0 1 1 1 1 1 1 1 0 1 1 1 0 0 1 
1 0 0 0 1 0 1 0 1 1 1 1 0 1 0 1 1 1 0 1 1 1 1 1 0 1 0 0 0 1 0 0 1 0 1 0 1 0 1 1 1 0 0 1 0 1 0 0 1 0 1 0 1 1 1 0 1 0 0 0 1 1 1 1 0 0 0 1 0 1 1 0 0 1 0 0 1 0 1 1 1 0 1 1 0 0 1 1 1 1 0 1 1 1 1 1 0 0 0 1 0 0 0 0 1 0 0 1 1 0 1 1 0 1 0 0 0 1 0 1 
0 1 0 0 0 0 0 0 1 1 1 1 0 1 1 1 0 0 1 1 1 0 0 0 1 1 1 0 0 1 1 1 0 0 1 1 1 0 1 1 1 1 0 0 1 1 0 0 0 0 0 1 1 0 0 1 1 0 1 1 1 0 0 0 1 1 0 1 0 0 0 0 0 1 0 0 1 0 1 1 0 0 0 1 0 1 1 1 1 0 0 1 1 1 0 1 0 1 1 1 0 1 0 0 0 0 1 1 1 0 0 1 0 1 1 1 1 1 0 1 
1 1 0 0 0 0 1 0 1 1 0 1 1 0 1 1 1 1 1 1 1 0 1 1 1 1 1 0 0 1 1 1 0 1 1 0 0 1 1 0 1 1 0 0 0 1 0 0 1 0 0 0 1 0 1 0 1 0 1 0 1 1 1 1 1 1 1 0 0 1 0 0 1 1 1 0 1 0 1 1 0 1 1 1 0 1 1 0 1 1 0 0 1 1 1 0 1 1 0 1 1 0 1 0 1 0 1 0 1 0 1 1 1 1 0 1 0 1 1 1 
0 1 0 0 1 0 1 0 0 0 1 0 0 0 1 1 0 0 0 1 1 1 0 1 0 1 0 0 0 0 0 1 1 0 1 1 0 1 1 1 1 1 0 1 1 1 1 0 1 0 1 0 1 0 1 1 1 0 1 0 1 1 1 1 1 0 1 1 0 1 0 0 1 1 1 0 1 0 0 1 0 0 1 1 1 1 1 1 1 0 0 0 1 0 1 0 1 1 1 0 1 1 0 0 0 0 0 0 1 0 1 1 1 1 0 0 1 0 0 1 
0 1 0 1 0 0 0 1 1 1 0 1 0 1 1 1 1 0 1 1 1 0 0 1 0 1 1 0 0 1 1 1 0 0 1 1 1 0 1 1 0 1 0 1 1 1 0 0 1 0 1 0 0 0 0 1 0 1 1 0 1 1 0 1 1 1 0 1 0 0 0 0 0 1 1 1 0 0 1 0 0 0 0 1 0 1 1 1 1 0 0 1 1 1 1 0 0 1 0 1 0 0 1 1 0 0 1 0 1 0 0 1 1 1 1 0 1 1 0 1 
1 1 1 0 0 1 0 0 0 1 0 1 1 0 1 0 1 1 1 1 1 0 1 1 0 1 0 0 0 1 1 1 0 1 1 1 0 0 1 1 1 1 0 1 0 0 0 1 1 0 0 0 1 0 0 1 0 1 1 0 1 1 1 1 0 1 0 1 0 1 0 0 0 1 1 0 1 0 1 1 0 0 0 1 0 1 0 1 1 0 0 0 1 0 1 0 1 1 0 1 0 1 1 0 0 0 1 0 1 0 1 0 0 1 1 1 1 1 1 1 
0 1 1 0 0 0 0 0 1 1 0 0 1 0 1 1 1 0 1 1 1 0 1 0 0 1 0 0 0 1 0 1 1 1 1 0 1 1 1 1 1 1 0 1 1 0 1 0 0 0 0 1 1 1 0 0 1 0 1 0 1 1 1 1 1 0 1 1 1 1 0 0 1 1 1 0 1 1 0 1 0 0 1 1 1 0 1 1 1 1 1 0 1 1 1 1 0 1 1 1 0 0 0 0 0 0 1 1 1 0 1 1 0 1 1 0 0 0 1 1 
0 0 0 0 0 0 0 0 1 1 1 0 0 1 1 1 0 1 0 1 1 0 1 1 0 1 1 0 0 1 0 1 1 1 1 0 0 0 1 1 1 1 0 1 1 1 0 1 0 0 0 0 1 1 0 0 1 0 1 1 1 1 1 1 1 1 0 0 0 1 0 0 0 1 1 0 1 0 1 1 0 0 1 1 0 1 0 1 0 0 0 0 0 0 1 1 1 1 0 1 0 0 1 0 0 1 1 0 1 0 0 1 1 1 0 0 1 0 1 1 
1 1 0 0 0 0 1 0 1 1 0 1 0 1 1 1 0 1 0 1 1 0 0 1 0 1 1 0 1 1 1 1 1 1 1 0 1 0 1 1 1 1 0 1 0 1 1 0 0 1 1 0 1 1 0 0 0 1 1 1 1 1 1 1 1 1 0 1 0 1 0 0 1 0 0 0 1 0 1 1 0 0 1 1 0 1 0 1 1 0 1 0 0 1 0 0 1 0 1 1 0 0 0 0 0 1 1 0 1 0 0 1 1 1 1 0 0 1 1 1 
1 1 1 0 0 0 1 1 0 0 1 0 0 0 1 1 1 0 1 1 1 0 0 0 0 1 0 0 0 1 0 1 1 0 1 1 0 0 1 0 1 1 0 1 1 1 0 0 1 1 1 0 0 1 1 1 0 0 0 0 1 0 0 1 1 1 1 0 0 1 0 0 0 1 1 0 1 0 0 1 0 0 1 0 0 1 1 1 1 1 0 1 0 0 1 1 0 1 1 1 0 1 0 0 0 0 1 1 1 0 0 1 0 1 0 0 0 1 0 1 
1 1 0 0 0 0 0 1 1 1 0 1 0 0 1 1 1 1 1 0 1 1 0 1 0 1 0 0 0 1 1 1 1 1 1 0 1 0 1 1 1 0 0 0 1 1 0 0 1 0 1 0 1 1 0 0 0 0 1 0 1 1 1 1 0 0 0 1 0 1 0 0 1 1 0 0 1 0 1 1 1 1 0 1 0 1 0 1 0 1 1 0 0 0 0 1 1 1 0 1 1 0 1 0 1 1 0 0 1 1 1 1 1 1 0 1 0 1 1 1 
1 1 0 0 0 0 0 0 0 1 1 1 1 0 1 1 1 1 0 1 1 0 0 1 1 1 1 0 0 0 1 1 0 1 1 1 1 1 1 1 1 1 0 1 0 1 0 0 0 0 0 0 1 1 0 0 1 0 1 0 1 1 1 1 1 0 1 1 0 1 0 0 0 1 0 0 1 0 1 1 0 0 0 1 0 1 0 1 1 1 0 0 0 1 1 1 0 0 0 1 1 0 0 0 0 1 0 0 1 0 1 1 1 1 0 0 1 1 1 1 
1 1 0 0 0 0 0 0 1 1 0 1 0 0 1 1 1 0 0 1 1 0 1 1 0 1 1 0 0 1 1 0 1 0 1 0 1 0 1 1 1 1 0 1 0 1 0 0 1 0 1 0 1 0 0 1 0 0 0 0 0 0 1 1 1 0 1 1 1 1 1 0 0 1 0 0 1 0 0 1 0 0 0 1 0 0 1 1 1 0 1 0 0 1 0 1 1 1 0 0 1 0 0 0 0 1 1 1 1 0 1 1 1 1 0 0 0 0 1 1 
1 1 0 0 0 0 1 0 1 0 1 0 0 0 1 1 0 0 0 1 0 1 0 0 0 1 1 0 1 1 1 1 1 0 1 0 0 0 1 1 1 1 0 1 1 0 0 0 1 0 0 0 1 1 0 0 0 0 1 0 1 0 1 1 1 1 1 1 0 1 0 0 0 1 1 0 1 0 0 1 0 1 0 1 0 1 1 1 1 1 1 1 1 0 1 1 1 1 0 1 1 0 0 0 0 0 1 0 1 1 1 1 1 0 0 0 0 0 1 1 
1 0 0 0 0 0 1 0 0 0 1 1 0 0 1 1 1 0 0 1 1 0 0 1 0 1 0 1 0 1 0 1 1 1 1 0 0 0 1 0 1 0 0 1 1 1 0 1 1 0 0 0 1 0 1 0 1 1 1 0 1 1 1 1 1 1 0 1 0 1 1 0 0 1 1 0 1 0 1 1 0 1 1 1 0 1 1 1 1 1 1 0 0 1 1 1 0 1 0 1 1 0 1 0 1 0 1 1 1 0 1 1 1 0 0 1 0 0 1 1 
1 1 0 0 0 0 0 0 1 1 1 1 1 0 1 1 1 0 0 1 1 0 0 1 0 1 1 0 0 1 1 1 1 0 1 1 0 0 1 1 1 0 0 0 1 1 0 0 1 0 1 0 1 0 1 0 0 0 1 0 1 1 1 1 1 1 0 1 1 0 0 0 1 0 0 1 1 0 1 1 0 0 1 1 0 1 1 1 0 0 0 0 0 0 1 1 1 1 0 1 1 0 1 0 1 1 1 0 1 0 1 1 1 1 1 0 0 0 0 1 
1 1 1 0 0 0 1 1 1 1 0 0 0 1 1 1 0 0 1 0 1 0 0 1 0 1 1 0 0 1 1 1 0 1 1 0 1 1 1 1 1 1 0 0 1 1 0 0 0 0 0 0 1 1 1 0 1 1 1 0 1 1 0 1 1 1 0 1 0 0 1 0 0 1 1 0 0 1 0 0 1 0 0 1 0 1 0 1 1 1 0 0 1 0 0 0 0 1 0 1 1 0 0 0 0 0 1 0 1 0 1 1 1 1 0 0 1 0 0 1 
0 1 1 0 0 0 0 1 1 1 0 1 1 0 1 1 1 1 0 1 1 0 0 0 1 1 1 0 0 1 0 1 1 1 1 0 1 1 0 1 1 1 0 0 1 1 0 0 1 0 0 0 0 1 0 0 0 1 1 1 1 1 1 1 0 0 0 0 0 1 1 0 1 1 0 1 1 0 0 0 0 0 0 1 0 1 1 0 1 0 0 0 0 0 0 1 1 1 0 1 0 0 1 0 0 1 0 0 1 0 0 1 1 1 0 0 0 0 0 1 
1 1 0 0 0 0 0 1 0 1 0 1 0 0 1 1 1 0 0 1 1 0 1 1 0 1 1 0 0 1 1 1 1 0 1 0 0 0 1 1 1 0 0 1 1 1 0 1 0 0 0 1 1 1 1 0 0 0 0 1 1 1 1 1 1 0 1 1 0 0 1 1 1 1 0 0 1 0 1 1 0 1 1 1 0 1 1 1 1 1 0 0 0 1 0 1 0 1 0 1 1 0 0 0 0 0 0 0 1 0 1 1 0 1 0 0 0 0 0 1 
1 1 0 0 0 0 0 0 1 1 1 0 0 0 1 1 1 0 1 1 1 0 1 1 1 1 0 0 1 0 1 0 1 1 1 1 1 1 1 1 1 1 0 0 1 1 0 0 0 0 1 0 1 0 0 0 0 0 1 1 1 1 1 1 1 1 1 1 0 1 0 0 0 1 0 0 0 0 0 1 1 0 0 1 0 0 1 1 1 0 0 0 0 0 1 1 0 1 1 1 0 0 0 0 0 1 1 0 1 0 1 1 1 1 0 1 0 0 0 1 
1 1 0 0 0 0 0 0 1 1 0 1 0 1 1 1 1 1 1 1 0 0 0 1 0 1 1 0 0 1 0 1 0 1 1 1 0 0 1 1 1 1 0 1 1 1 1 0 0 1 0 0 1 1 0 0 0 1 1 0 1 1 1 1 1 1 1 0 0 1 0 0 0 1 0 0 1 0 1 1 1 0 0 1 0 1 1 1 1 1 0 1 1 0 1 0 0 1 1 1 0 0 1 0 1 0 1 1 1 0 1 1 1 1 0 1 0 0 1 1 
1 0 1 0 0 0 1 1 1 0 1 1 0 0 1 1 0 0 1 1 1 1 1 1 0 1 0 0 0 1 1 1 0 1 1 1 0 0 1 1 1 1 0 1 1 0 0 1 0 0 1 0 1 1 0 0 1 1 1 0 0 1 1 1 1 0 1 1 0 1 1 0 1 1 1 0 1 0 1 1 1 0 0 1 0 1 1 0 0 0 1 1 0 1 1 0 0 1 0 1 1 0 0 0 0 0 0 1 1 0 1 1 1 0 1 0 1 0 0 1 
0 1 0 0 0 0 0 1 0 1 1 1 0 0 1 1 1 0 0 0 1 0 1 1 1 1 0 0 0 1 0 1 0 0 1 1 0 0 1 1 1 1 0 1 1 1 0 1 1 0 0 0 1 0 1 0 0 0 1 0 1 1 1 1 1 0 0 1 1 1 0 1 1 1 1 0 1 0 0 0 1 1 1 1 0 1 0 1 1 0 0 0 0 0 1 0 1 1 0 1 1 0 1 1 0 0 1 0 1 0 1 0 1 1 0 1 0 1 0 1 
1 1 0 0 0 0 1 1 1 1 1 0 0 0 1 1 0 1 1 1 1 0 0 0 0 1 0 0 0 1 0 0 1 1 1 0 0 0 1 0 0 1 0 0 1 1 0 1 0 1 1 1 1 0 1 0 0 0 1 0 1 1 1 1 1 1 1 1 0 1 1 1 0 1 1 0 1 0 1 1 0 0 0 1 0 1 1 0 1 0 0 1 1 1 1 1 0 1 0 1 1 0 0 0 1 0 1 0 1 0 1 1 1 1 0 0 0 0 0 1 
1 1 1 0 1 0 1 0 1 1 1 1 0 0 1 1 1 0 0 1 1 1 0 1 0 1 0 0 0 1 0 1 1 0 0 1 1 0 0 0 1 1 0 1 1 1 0 0 1 0 0 0 1 1 0 0 1 0 1 0 1 0 1 1 1 0 0 0 1 1 1 0 1 1 1 0 0 0 1 1 1 0 0 1 0 1 1 1 1 0 0 1 0 1 0 0 0 1 0 1 1 0 0 0 1 1 1 1 1 0 1 1 1 0 0 0 0 0 1 1 
0 1 0 0 0 0 0 0 1 1 0 1 0 1 1 1 1 1 1 1 1 0 0 0 0 0 1 0 0 1 0 1 0 0 1 0 1 0 0 1 0 1 0 1 0 1 0 1 1 0 1 0 1 1 1 1 0 0 1 0 1 1 0 1 1 0 1 1 0 1 0 0 1 1 0 0 1 0 1 1 1 0 1 1 0 1 1 1 1 1 1 1 1 0 1 0 1 1 0 1 1 0 1 0 0 0 1 0 1 0 1 0 1 1 0 0 0 0 0 1 
1 1 1 1 0 0 0 1 1 1 1 1 0 0 0 0 1 1 0 1 1 0 0 0 0 1 1 0 0 1 1 0 0 1 0 1 1 1 1 0 0 1 0 1 0 1 0 0 0 1 0 1 1 1 1 0 1 0 1 0 0 1 1 1 1 1 1 1 1 0 1 0 0 1 0 0 1 0 1 0 0 0 0 1 0 1 1 1 1 1 0 0 0 1 1 1 1 1 0 1 1 0 1 1 0 0 1 0 1 0 1 0 1 0 0 0 0 1 1 1 
0 1 0 0 0 0 1 0 1 1 0 1 1 0 1 0 1 1 0 1 1 0 0 0 0 0 0 0 0 1 1 0 1 0 1 0 0 0 1 0 1 1 0 1 0 0 0 0 0 1 1 1 1 1 0 1 0 0 1 0 1 0 1 1 0 1 0 1 0 1 0 0 0 1 1 0 1 0 1 1 1 0 0 1 0 1 0 1 1 1 0 0 1 1 1 1 0 1 0 1 1 0 0 0 1 0 1 0 1 0 0 1 0 1 1 0 0 0 0 1 
0 1 0 0 1 0 0 0 1 1 0 1 1 0 1 0 1 1 1 1 0 0 1 1 1 1 0 0 0 1 1 0 0 0 1 1 0 0 1 0 1 1 0 0 1 1 0 0 0 0 1 0 0 1 0 0 0 1 1 0 1 1 1 1 1 1 0 1 0 1 0 0 0 1 0 0 1 0 1 1 0 1 0 1 0 1 1 1 1 1 1 0 1 0 1 0 0 1 0 1 1 0 0 0 1 0 1 0 1 0 1 0 1 0 0 0 1 1 0 1 
0 1 0 0 0 0 0 1 1 0 1 0 0 1 1 1 1 1 0 1 1 0 1 1 0 1 0 0 0 1 0 1 0 1 1 0 0 0 0 1 1 1 0 0 1 1 1 0 0 1 1 0 1 0 1 0 1 0 1 0 1 0 0 1 0 1 0 1 0 1 1 0 1 1 1 0 0 0 1 1 1 0 1 1 0 1 1 0 1 0 1 0 0 0 0 1 0 1 1 1 1 1 0 0 0 0 1 0 1 0 0 1 1 1 1 1 1 1 1 1 
1 1 0 1 0 0 0 1 1 1 1 1 0 0 1 1 0 1 0 1 1 0 0 1 0 0 1 0 0 1 1 0 1 0 1 1 1 1 1 1 1 1 0 1 1 1 1 1 0 0 0 0 1 0 0 1 1 0 0 0 1 1 1 1 1 0 0 0 0 1 0 0 0 1 1 0 1 0 1 1 0 0 1 1 0 1 1 1 0 0 0 0 0 0 1 0 1 1 1 1 1 0 1 0 0 1 1 0 1 0 1 1 1 1 1 0 0 0 1 0 
1 1 0 1 0 0 0 1 0 1 0 0 0 0 1 1 1 0 1 1 0 0 1 1 0 1 0 0 1 1 0 1 1 0 1 0 0 0 1 1 1 1 0 1 1 1 0 0 1 0 1 0 0 1 0 0 0 0 1 0 1 1 1 1 1 1 1 0 0 1 0 0 1 1 0 0 0 0 0 1 0 1 0 1 0 1 1 1 1 1 1 0 0 0 1 1 0 1 0 1 0 0 0 0 0 0 1 0 1 0 1 0 0 0 1 1 0 0 1 1 
1 1 0 0 0 0 1 0 1 1 0 1 0 0 1 1 1 1 0 0 1 0 1 1 0 1 0 0 0 1 0 0 1 0 1 1 1 0 1 0 1 0 1 0 1 1 1 0 1 0 1 1 1 0 1 1 1 0 0 0 1 1 1 1 1 1 1 0 0 0 0 0 1 1 0 0 1 0 1 1 0 0 0 1 0 1 0 1 0 0 0 0 1 1 0 1 0 1 1 0 0 0 1 0 0 1 0 0 1 0 1 1 1 1 0 1 0 0 1 1 
1 1 1 1 1 0 0 0 1 1 1 0 0 0 1 1 0 1 1 1 1 0 0 1 0 1 1 0 1 1 0 1 1 0 1 0 0 0 1 1 1 1 0 0 1 1 1 0 1 0 1 0 1 0 1 0 0 1 1 1 1 1 1 0 1 1 0 1 1 0 1 0 1 1 0 0 1 0 0 1 1 1 1 1 1 0 1 1 1 1 1 1 0 1 1 0 1 1 0 1 0 0 1 0 1 0 1 1 1 0 1 0 1 1 0 0 0 1 0 1 
1 1 0 0 1 0 0 0 1 1 0 0 0 1 1 0 1 1 1 1 1 0 1 1 0 1 0 0 0 1 0 0 0 1 1 0 0 1 1 0 0 1 0 1 1 1 0 0 0 0 1 1 1 0 1 0 0 0 0 1 1 1 1 1 1 1 1 0 1 1 0 0 0 1 1 0 1 0 0 1 0 1 0 1 0 1 0 1 0 0 0 0 1 1 1 1 1 1 1 1 0 0 0 0 1 0 1 1 1 0 1 1 1 1 0 1 0 0 0 1 
1 1 1 0 0 0 0 0 1 0 1 1 0 0 1 1 1 1 0 1 1 0 0 1 1 0 1 0 0 1 1 1 0 1 1 0 0 0 1 1 1 1 0 0 1 1 0 0 0 0 1 1 0 1 0 1 1 1 0 0 1 1 1 1 1 1 1 0 0 0 0 0 1 1 0 0 1 0 0 1 1 0 0 1 0 1 0 1 1 1 0 1 0 1 1 0 1 1 1 1 1 0 1 0 0 1 0 0 1 0 1 1 1 1 0 0 0 0 0 1 
0 1 0 0 0 0 0 0 1 0 0 1 1 0 1 1 1 1 1 1 1 0 0 1 0 0 1 0 0 0 0 1 1 0 1 1 0 1 1 1 1 1 0 1 1 1 0 1 1 0 1 1 1 0 1 0 0 1 0 0 1 1 1 1 1 1 0 0 0 1 0 0 1 1 1 0 0 1 1 1 1 0 0 0 0 1 1 1 1 1 0 0 0 1 1 1 1 0 0 1 1 1 0 0 0 0 1 0 1 0 1 1 1 1 1 0 0 0 1 1 
0 1 0 0 0 0 1 1 1 1 0 1 0 0 1 0 1 0 0 1 1 0 0 0 0 0 1 0 0 1 0 0 1 0 1 1 0 0 0 1 1 1 0 0 1 1 0 0 0 1 0 1 1 1 0 1 0 0 1 0 1 1 0 1 1 0 0 1 0 1 0 0 0 1 0 0 1 0 1 1 0 1 0 1 1 1 1 0 1 0 0 0 0 0 1 1 0 1 0 1 1 0 0 0 0 0 0 0 1 0 1 1 1 1 0 1 0 0 1 0 
1 0 0 0 0 0 0 1 1 1 0 0 0 0 1 1 0 1 1 1 1 1 1 1 0 1 0 0 0 1 1 1 0 0 1 0 1 0 1 1 0 1 0 0 0 1 0 1 0 0 1 0 1 0 1 0 1 1 1 0 1 1 1 1 1 1 1 0 0 1 1 0 0 1 0 0 1 0 0 1 0 0 0 1 0 0 0 1 1 0 0 1 0 1 1 1 0 1 0 1 1 1 0 0 0 0 1 1 1 0 0 1 0 1 0 0 0 1 1 1 
1 1 1 0 0 0 0 1 0 1 0 1 0 0 1 1 0 1 1 1 0 0 1 1 0 1 1 0 0 0 1 1 0 0 1 1 1 1 1 1 1 1 0 0 1 1 0 0 0 0 1 1 0 1 0 1 1 0 0 0 1 1 0 1 1 1 0 0 0 0 0 0 1 1 1 0 1 1 0 1 1 0 1 1 0 1 1 1 1 1 0 0 1 0 1 1 1 1 1 1 0 0 1 0 1 0 1 0 0 0 0 0 1 0 0 0 0 1 0 1 
1 1 0 0 0 0 0 1 1 1 0 0 0 0 1 1 0 0 1 1 1 0 1 1 0 1 1 0 0 1 1 1 1 1 1 0 1 0 0 0 0 1 0 1 1 1 0 0 1 0 1 1 1 1 1 0 0 1 1 0 1 1 1 1 1 1 0 1 1 0 0 0 0 1 1 0 1 1 0 1 1 0 0 1 1 1 1 1 1 1 0 1 0 1 0 1 0 1 0 1 0 0 0 0 1 0 1 1 1 0 1 1 0 1 1 1 0 0 1 1 
1 1 0 0 0 0 1 0 1 1 1 0 1 0 1 1 1 0 0 1 1 0 0 1 1 1 0 0 0 1 1 0 1 1 1 0 0 1 0 1 1 1 0 0 0 0 0 0 0 0 1 1 1 1 0 0 1 0 1 0 1 1 1 1 1 1 0 0 0 1 0 0 0 1 1 0 1 0 0 1 0 1 0 1 0 1 1 0 0 1 0 0 0 0 1 0 1 1 1 1 1 0 1 0 1 0 1 1 1 1 1 1 1 1 0 1 0 1 0 1 
1 1 0 0 0 0 0 0 1 1 0 1 0 0 1 1 1 1 0 1 1 1 1 0 1 1 1 0 0 0 1 1 1 0 1 1 1 0 1 1 1 1 0 1 1 1 0 0 1 0 1 0 1 0 0 1 0 1 0 1 1 1 1 1 0 1 1 0 1 1 0 0 0 1 1 0 1 0 0 1 0 0 0 1 0 1 1 1 1 0 0 0 0 0 1 1 0 0 0 1 0 0 1 1 1 0 1 1 1 0 0 1 1 1 0 0 0 0 1 1 
1 1 0 1 0 0 0 1 1 0 0 0 0 0 1 1 1 0 1 1 0 0 1 0 0 1 0 0 0 1 0 1 0 1 1 1 0 0 1 0 0 1 0 0 1 0 0 1 1 0 0 0 0 0 1 1 1 1 1 0 1 1 0 1 1 1 0 1 0 0 0 0 0 1 0 0 1 0 0 1 1 0 0 1 0 1 0 1 1 1 0 1 0 0 1 0 0 1 1 1 1 0 0 0 0 0 1 0 1 0 1 1 1 0 1 0 1 1 0 1 
1 1 0 0 0 0 0 1 1 1 0 0 0 1 1 1 1 1 0 1 1 0 0 1 1 1 1 0 0 1 1 1 0 0 0 1 1 0 1 0 1 0 0 0 1 1 0 0 1 0 1 0 1 1 0 0 1 0 1 0 1 1 0 1 1 0 1 1 1 1 0 0 1 1 0 1 1 0 0 1 0 0 0 1 0 0 1 1 1 0 1 1 0 1 1 0 1 0 1 1 0 0 0 0 0 0 1 1 1 0 0 1 0 1 1 0 1 0 1 0 
0 1 0 0 0 0 0 0 0 1 0 0 0 0 1 1 1 1 0 1 1 0 1 1 0 1 1 0 0 1 1 1 1 0 0 0 0 0 1 1 1 1 0 0 1 1 0 1 0 1 0 0 1 0 0 0 0 0 1 0 1 1 1 1 0 0 0 1 1 1 1 0 0 1 0 0 1 0 1 1 0 0 0 0 0 0 1 1 0 0 0 0 0 1 1 1 0 0 0 1 1 0 1 0 1 0 0 0 1 0 1 0 1 1 0 0 0 0 1 1 
0 1 0 0 1 0 0 0 0 1 0 1 0 0 1 1 0 0 0 1 1 0 0 1 0 1 0 0 0 1 0 0 1 1 1 0 0 1 1 1 1 1 0 1 0 1 1 0 1 1 1 0 1 0 0 1 0 0 0 0 0 1 0 1 1 1 0 0 0 1 0 0 0 1 1 0 1 0 1 1 1 1 0 1 0 0 1 1 1 1 1 0 0 0 1 1 0 0 0 1 0 0 0 1 1 0 1 0 1 0 1 1 1 1 0 1 0 0 1 1 
1 1 1 0 1 0 0 1 1 1 0 1 0 0 1 1 1 0 1 1 1 0 0 1 1 1 0 0 0 1 1 1 0 1 1 1 0 1 1 1 0 1 0 0 1 1 0 0 1 0 1 1 1 1 1 0 1 0 1 0 1 1 1 1 1 0 0 0 0 1 0 0 1 1 0 0 1 0 1 1 1 0 0 1 0 1 1 1 1 0 0 0 0 1 1 1 1 1 1 1 1 0 1 0 0 1 1 1 1 0 1 1 1 1 1 0 0 0 0 1 
1 1 0 0 0 0 0 0 1 0 1 1 0 0 1 1 1 0 0 1 1 0 1 1 1 1 1 0 0 1 1 0 0 0 1 1 1 0 1 1 1 1 0 1 1 0 1 0 1 0 1 1 0 0 0 0 0 0 1 0 1 1 0 1 1 1 1 0 0 1 0 0 0 1 1 0 0 0 1 1 1 0 1 1 0 1 1 1 1 1 0 1 0 0 1 1 0 1 0 1 1 0 0 1 0 0 1 0 1 0 1 0 0 0 1 0 0 0 1 1 
1 1 0 0 0 0 1 1 1 0 1 0 1 0 1 1 0 0 1 1 0 0 0 1 0 1 1 0 0 1 0 1 1 1 0 0 0 0 1 0 1 1 0 1 0 0 1 0 0 0 1 0 1 0 0 1 0 0 1 0 1 1 0 1 1 1 0 0 0 1 0 0 0 1 0 0 1 0 0 0 1 0 0 1 0 0 0 1 1 0 1 1 1 1 1 0 0 1 1 1 1 0 1 0 1 0 1 0 1 0 1 1 1 1 0 0 0 1 0 1 
0 1 0 0 1 0 0 0 0 1 1 1 0 0 1 1 1 0 1 1 1 1 1 1 0 1 1 0 1 1 1 1 1 0 0 1 0 1 1 1 1 1 0 0 0 0 1 0 1 1 1 0 1 0 1 1 1 1 1 0 1 1 0 1 1 0 1 0 1 0 0 0 1 1 0 1 1 1 1 1 0 1 0 1 0 1 1 1 1 0 0 1 1 1 0 1 1 1 1 1 0 0 0 0 0 1 0 1 1 0 1 0 0 1 1 1 0 0 0 1 
1 1 0 0 0 0 1 0 0 1 1 0 0 1 1 1 1 0 1 1 0 0 0 1 0 1 1 0 0 1 1 1 1 1 1 0 1 0 0 0 0 0 0 1 0 1 0 0 1 0 1 1 1 1 1 1 0 0 1 0 1 1 0 1 1 0 0 0 0 1 0 0 1 1 0 0 1 1 0 1 0 0 0 1 0 1 0 1 1 0 0 0 1 1 0 1 0 1 0 1 1 0 1 0 0 0 0 0 1 1 1 1 0 1 1 0 1 1 1 1 
0 0 1 0 0 0 0 1 1 1 0 1 1 0 1 1 1 0 0 1 1 0 0 1 0 1 1 0 0 0 1 1 0 0 1 1 1 0 1 0 1 1 0 0 1 1 0 0 1 0 1 1 1 1 0 1 0 0 0 1 1 1 1 1 0 1 1 1 1 1 0 0 1 1 0 0 0 0 1 1 0 1 1 1 1 1 0 1 1 0 0 0 1 0 1 1 0 1 1 1 1 0 1 0 0 0 1 0 1 0 0 1 1 1 1 0 0 0 1 1 
1 1 0 0 0 0 0 1 0 1 1 1 1 0 1 1 0 1 0 1 1 0 1 1 0 0 1 0 0 1 1 0 0 0 1 1 1 0 1 1 1 1 0 1 1 1 0 0 1 0 0 1 1 1 0 0 0 1 0 0 1 1 1 1 1 1 1 1 1 1 0 0 0 1 0 0 1 0 0 0 1 1 0 1 0 1 1 1 1 0 0 0 0 0 1 0 1 1 1 1 1 0 1 0 1 1 0 1 1 0 0 1 1 1 1 1 1 1 1 0 
1 1 0 0 0 0 0 1 1 0 0 0 0 0 1 1 1 0 0 1 1 1 0 0 0 1 1 0 0 0 1 1 0 1 1 1 1 0 1 0 1 1 0 1 1 1 0 0 0 1 1 1 1 1 0 0 1 0 1 0 1 1 0 1 1 0 0 1 0 0 0 0 1 0 0 0 1 1 0 1 0 0 1 1 0 1 1 1 1 0 0 1 0 1 0 1 0 1 0 1 0 0 0 0 0 0 1 0 1 0 1 1 1 1 1 1 1 0 0 1 
1 1 1 1 0 0 0 1 1 0 1 1 0 1 1 1 1 0 1 1 1 0 1 1 0 1 0 0 0 0 0 1 0 0 1 1 0 0 1 0 0 1 0 1 1 1 0 1 0 0 1 0 1 1 0 0 0 1 0 0 1 1 1 1 1 1 0 1 0 0 0 0 1 1 0 0 1 0 1 1 0 0 1 1 0 0 1 1 1 0 0 0 0 0 1 0 0 1 1 1 1 0 1 0 0 0 1 0 0 0 0 1 1 1 1 1 0 1 0 1 
0 1 0 1 0 0 0 1 1 1 0 1 1 0 1 1 0 1 0 1 0 0 1 1 0 1 0 0 0 1 1 1 1 0 1 0 0 1 1 1 1 1 0 1 1 1 1 0 1 0 1 0 1 1 0 0 0 0 1 0 1 0 1 1 1 1 1 0 1 1 0 1 0 1 1 0 1 0 1 1 1 0 0 0 0 1 1 1 1 1 1 1 1 1 0 0 1 1 1 1 0 0 1 1 1 0 1 0 1 1 1 1 1 1 0 0 0 0 0 1 
1 0 0 0 0 0 0 0 1 1 0 0 0 0 1 0 1 1 0 1 1 0 1 1 0 1 1 0 0 1 1 1 1 0 1 0 1 1 1 0 1 1 0 1 0 0 1 0 0 0 1 0 0 1 1 0 0 1 1 1 1 1 0 1 1 1 0 1 0 1 0 0 1 1 0 0 0 0 1 1 1 1 0 1 0 1 1 1 1 0 0 1 0 1 1 1 1 1 0 1 1 0 1 0 0 0 1 1 1 0 1 1 1 1 1 0 0 1 1 1 
1 1 0 0 0 0 1 0 0 0 0 1 0 1 1 1 1 0 0 1 0 0 0 1 1 0 1 0 0 1 1 1 1 1 1 0 1 0 1 1 0 1 0 0 0 1 0 0 0 0 1 0 0 1 0 0 0 0 0 0 1 0 1 1 1 0 0 0 0 1 0 0 0 1 1 0 1 0 1 1 0 0 1 1 0 1 1 1 1 0 0 1 1 1 1 0 0 1 0 1 1 0 0 0 1 1 1 0 1 0 1 1 1 1 0 0 0 1 1 1 
1 1 0 0 1 0 0 0 1 1 1 1 0 0 1 1 0 0 1 1 1 0 0 1 0 1 1 0 0 1 1 1 1 0 1 1 1 0 1 0 1 0 0 0 0 1 0 0 0 0 1 0 1 0 1 0 1 1 1 0 1 1 1 1 1 1 1 0 0 0 0 0 0 1 1 0 1 0 0 0 1 0 1 1 0 1 0 1 0 1 0 0 0 0 1 1 1 1 0 1 0 0 1 0 1 1 1 0 1 0 1 1 0 1 0 0 0 0 0 1 
1 0 1 0 1 0 1 1 1 0 0 0 0 1 0 1 0 1 1 1 1 0 0 1 0 1 0 0 0 0 0 0 0 1 1 1 0 0 1 1 1 1 0 1 1 1 0 1 0 0 1 0 1 0 1 1 0 0 1 0 1 1 1 1 0 0 0 0 1 1 1 0 1 1 0 0 1 0 1 1 0 1 1 1 0 1 1 1 1 0 0 0 0 0 1 1 1 1 1 1 0 0 1 0 1 0 0 0 1 0 0 1 1 1 1 1 0 1 0 1 
1 0 0 1 1 0 0 1 0 1 1 0 0 0 1 1 1 0 0 1 1 0 0 1 0 1 0 1 1 1 1 1 1 0 1 1 0 1 1 1 1 1 0 0 1 1 1 0 0 0 0 0 1 1 1 1 0 0 1 0 1 1 0 1 1 1 1 1 1 1 1 0 0 1 1 0 1 1 1 1 1 0 0 1 0 1 1 1 1 1 0 1 0 0 1 1 1 1 0 1 1 1 0 0 0 1 1 1 1 0 1 1 1 0 1 1 0 0 1 1 
1 1 1 0 0 0 1 1 0 1 1 1 1 0 1 0 1 1 1 0 0 0 1 1 1 1 0 1 0 0 1 1 0 0 1 0 0 0 1 0 1 0 1 0 1 1 0 1 0 0 0 0 1 1 1 0 0 1 1 0 1 1 0 1 1 1 1 0 1 1 0 0 0 1 0 0 0 0 1 1 1 0 0 1 0 1 1 1 1 1 1 0 0 1 1 1 0 0 0 1 1 0 0 0 1 0 1 0 1 1 1 1 1 1 0 1 0 1 1 1 
1 1 0 0 1 0 0 0 1 0 0 0 1 0 1 1 0 1 1 1 1 0 1 1 0 1 1 0 0 1 1 1 1 1 1 1 0 0 1 1 1 1 0 1 1 0 1 0 1 0 1 0 1 0 0 1 1 0 1 1 1 1 1 1 1 1 0 1 0 0 0 1 0 1 1 0 1 0 1 1 0 1 1 1 0 0 1 1 1 0 0 0 0 0 1 0 1 1 1 1 0 0 1 0 0 0 1 0 1 0 1 1 1 0 1 1 0 0 0 1 
1 1 1 0 0 0 0 0 1 1 0 1 1 1 1 1 0 1 1 1 1 1 0 1 0 1 1 0 0 1 1 1 1 0 1 1 0 0 1 1 1 1 0 0 1 1 1 0 1 0 1 1 1 0 1 0 1 0 0 0 1 0 0 1 0 0 1 1 0 0 0 0 1 1 1 0 1 0 1 1 1 0 0 1 0 1 1 0 1 1 0 0 1 0 0 0 1 1 1 1 1 0 1 0 0 0 0 0 0 0 1 1 0 1 0 1 1 0 0 1 
1 1 0 1 0 0 0 1 1 1 1 0 1 1 1 1 1 0 0 1 1 0 1 1 0 1 1 0 0 1 1 1 1 0 1 1 0 1 1 0 0 1 0 1 1 1 0 0 1 0 0 1 1 1 1 1 0 1 1 0 1 0 1 1 0 1 1 0 0 1 0 0 0 1 1 0 0 1 1 1 0 0 0 1 1 1 1 0 1 1 0 1 1 0 1 1 1 1 1 1 0 1 0 0 0 0 1 1 1 0 1 1 1 1 0 0 0 0 1 1 
1 1 1 1 0 0 1 1 1 0 0 1 0 0 1 0 1 1 1 1 1 0 0 1 0 1 1 0 0 1 1 1 1 1 1 0 1 0 0 0 0 1 0 0 1 1 0 0 1 0 0 1 1 0 0 0 1 0 1 1 1 1 1 0 1 0 0 1 1 1 0 0 0 1 0 0 1 0 1 1 0 1 0 1 0 0 0 1 1 0 1 0 1 1 1 0 0 1 1 1 1 0 0 0 0 0 1 0 1 0 0 1 0 1 1 1 0 0 1 1 
1 1 0 0 1 0 0 1 1 1 1 1 0 1 1 1 1 0 0 1 1 0 0 1 1 0 1 1 0 1 0 1 0 1 1 0 1 0 1 1 0 1 0 1 0 0 0 0 0 0 0 1 1 0 0 0 0 0 1 0 1 1 0 1 1 1 1 1 0 1 0 0 1 1 0 0 0 0 1 1 0 1 1 1 0 1 1 1 1 0 0 0 0 1 0 0 1 0 1 1 1 0 1 1 1 0 0 0 1 0 1 1 1 1 0 0 0 0 0 1 
1 0 0 0 1 0 0 0 1 1 1 0 0 0 1 1 1 1 0 1 1 0 0 0 0 1 1 0 0 1 1 1 1 1 1 0 1 1 1 0 1 1 0 0 1 0 0 1 1 0 1 0 1 0 1 1 0 0 1 0 1 1 1 1 1 0 1 0 0 1 0 0 1 1 0 0 1 0 1 1 1 1 1 1 0 1 1 0 0 1 1 0 1 1 1 1 0 1 1 1 1 0 1 0 1 0 1 0 1 0 1 1 1 1 1 0 1 0 0 1 
1 1 1 1 0 0 0 1 1 0 0 1 1 1 1 1 1 1 0 1 1 0 0 1 0 1 0 0 1 1 1 0 0 0 1 0 0 1 1 1 0 1 0 1 1 0 1 0 1 0 1 0 1 1 1 1 1 0 1 1 1 0 0 1 1 0 1 1 0 1 0 0 0 1 0 0 1 0 0 1 0 0 1 1 0 1 1 1 1 0 0 0 1 0 1 0 0 1 0 1 1 0 0 1 0 1 1 1 1 0 0 1 0 1 1 0 1 0 1 1 
1 1 0 0 1 0 0 0 1 1 0 1 0 0 0 1 1 0 0 1 1 0 1 1 0 1 0 0 0 0 0 1 0 1 1 1 0 0 1 1 0 1 0 1 1 0 0 0 0 0 1 0 1 1 0 0 0 0 1 0 1 1 0 1 0 0 0 1 0 1 0 0 1 1 1 0 1 0 1 1 1 0 1 1 0 0 1 1 1 0 0 0 0 1 1 1 0 1 0 1 0 0 1 0 0 1 0 0 1 0 0 1 0 1 0 0 1 0 1 1 
0 1 0 1 0 0 0 0 0 1 1 1 0 0 1 0 1 0 1 1 1 0 1 1 0 1 0 0 0 1 1 0 1 0 1 0 1 0 1 0 1 1 0 0 1 0 0 0 0 1 0 0 1 0 1 1 1 0 1 0 1 1 1 1 0 1 1 0 0 1 1 1 1 1 0 0 0 0 1 1 1 0 1 0 0 1 1 1 1 1 0 0 0 0 0 0 1 1 1 1 0 0 1 0 0 0 1 0 1 0 1 1 1 0 0 0 1 1 0 1 
0 0 0 1 0 0 0 0 0 1 0 0 0 0 1 1 0 0 0 1 1 0 0 1 0 1 0 0 0 1 0 0 1 0 1 0 0 0 1 1 1 1 0 1 0 1 0 0 1 0 1 1 1 0 0 0 0 0 0 1 1 1 1 1 1 1 1 1 1 1 1 0 1 0 1 0 0 0 1 1 1 0 1 1 0 1 0 1 1 1 1 1 1 1 1 1 0 1 0 1 0 0 1 0 1 0 1 1 1 0 1 1 1 1 1 0 0 0 1 1 
1 1 0 0 0 0 1 0 0 0 0 1 0 0 1 0 1 1 0 1 0 0 0 1 0 1 0 0 0 1 1 0 1 0 0 0 1 0 1 1 1 1 0 0 1 0 0 1 0 0 1 1 1 0 1 0 1 1 1 1 0 1 0 1 1 0 0 1 0 1 1 1 1 0 1 0 0 0 1 1 1 1 0 1 0 1 0 1 1 1 0 0 0 1 0 1 0 1 1 1 0 0 0 0 0 1 1 1 1 0 1 1 1 1 1 0 0 1 1 1 
1 1 0 0 0 0 1 0 0 1 0 0 1 0 1 1 1 0 1 1 1 1 0 0 0 0 0 0 0 1 1 0 0 0 0 0 0 0 1 0 0 1 0 0 0 0 1 0 0 0 1 1 1 1 1 0 0 0 1 0 1 1 0 1 1 0 1 1 1 1 1 1 0 1 0 1 0 0 1 1 1 0 0 0 1 1 1 0 1 1 0 0 0 0 1 0 0 1 1 1 0 0 0 0 0 0 1 0 1 0 1 1 1 1 0 1 1 1 1 1 
0 1 0 0 0 0 1 0 1 1 0 1 0 0 1 1 1 1 0 1 1 0 0 1 0 1 1 0 1 1 1 1 1 0 1 1 0 0 1 1 0 1 0 1 0 1 0 0 0 0 1 0 1 1 0 1 0 0 1 0 1 1 1 1 1 1 1 1 0 1 0 0 0 1 0 0 1 0 1 1 1 0 0 1 0 1 1 1 1 0 0 0 0 1 1 1 1 1 0 1 1 0 0 0 0 0 1 1 1 0 0 1 1 1 0 0 0 0 1 1 
0 1 0 0 0 0 0 1 1 1 0 0 0 1 0 1 0 1 0 1 0 1 1 1 0 1 1 0 0 1 0 0 0 0 1 1 0 1 1 1 1 1 0 1 1 1 1 0 0 0 1 0 1 0 0 1 0 0 1 0 0 0 0 1 1 0 0 1 0 1 0 0 0 1 0 0 1 0 1 1 0 0 0 1 0 1 0 1 1 0 0 0 0 1 1 1 0 1 1 1 0 1 0 0 1 0 1 0 1 1 1 1 1 0 0 1 1 0 0 1 
0 1 0 0 0 0 1 1 1 0 0 1 0 0 1 1 1 0 1 1 1 0 0 1 0 0 1 0 0 1 1 1 1 0 1 0 1 1 1 1 0 0 0 1 1 1 0 0 1 0 1 1 1 0 0 0 1 1 0 0 1 1 1 1 1 1 1 1 0 1 0 0 1 1 0 0 1 0 1 1 1 0 1 1 0 1 1 1 1 0 0 0 1 0 1 0 1 0 1 1 0 0 0 0 0 0 1 0 1 0 1 1 1 1 1 0 0 1 0 1 
0 0 0 0 1 0 0 0 1 1 1 1 0 0 1 1 0 0 1 1 0 0 0 1 0 1 0 0 1 0 0 1 1 1 1 0 1 0 1 1 1 1 0 0 1 1 0 1 0 0 0 1 1 0 0 1 0 1 1 0 0 1 1 1 1 1 0 1 0 1 0 0 0 1 0 0 1 1 1 1 0 1 1 0 0 1 1 1 1 0 0 1 1 0 1 0 1 0 0 1 0 0 0 0 1 0 0 1 1 0 1 1 0 1 0 0 0 0 0 1 
1 0 0 1 0 0 0 1 1 0 0 1 0 1 1 1 0 1 1 1 1 1 0 1 0 0 0 0 0 0 1 1 1 1 1 0 1 0 1 1 1 1 0 0 1 1 1 0 0 0 1 0 1 0 1 1 1 0 1 0 0 1 1 1 1 1 1 0 0 1 0 0 0 1 0 0 1 0 1 1 0 0 0 1 0 1 0 1 0 1 0 0 1 0 0 0 1 1 0 1 1 0 1 0 0 0 0 0 1 0 0 1 0 1 0 0 0 1 0 1 
1 1 0 1 0 0 0 1 1 1 0 1 1 0 1 1 1 1 1 0 1 0 1 1 0 0 1 0 0 1 0 1 1 0 1 1 1 0 0 1 0 0 0 1 0 1 0 0 0 0 0 0 1 1 1 0 0 0 1 0 1 1 1 1 1 1 1 0 0 1 1 0 0 1 1 0 1 0 1 1 1 0 1 1 0 1 1 1 0 0 1 0 0 1 1 1 0 1 0 1 0 0 0 0 1 0 1 1 1 0 1 1 1 1 0 0 0 0 1 1 
1 1 0 0 0 0 1 0 1 1 1 0 0 0 1 1 1 0 1 1 1 0 0 1 0 1 1 0 0 1 1 0 0 0 1 1 1 1 1 1 1 1 0 1 0 1 0 0 0 1 0 1 1 1 1 0 1 0 1 0 1 1 0 0 1 1 1 0 0 1 0 0 0 1 0 0 1 0 1 1 1 0 0 1 0 1 1 1 1 1 1 0 0 1 1 0 0 1 0 0 1 0 1 0 0 1 1 0 1 0 1 1 1 1 1 0 0 1 0 1 
1 1 0 0 0 0 0 0 0 0 0 1 0 0 1 1 0 1 1 0 1 0 0 1 0 0 1 0 0 0 0 1 1 0 0 1 1 0 0 1 1 1 0 1 1 1 1 0 1 0 0 0 1 0 0 1 0 0 1 1 1 1 1 1 1 1 0 0 1 1 1 0 0 1 1 1 1 0 1 1 0 0 0 1 0 1 1 1 1 1 0 1 1 1 0 1 1 1 1 1 1 0 0 0 1 0 1 0 1 0 0 1 0 0 0 1 0 1 0 1 
1 1 0 0 0 0 0 1 1 1 1 0 0 0 1 1 1 0 0 1 1 0 1 1 0 1 1 0 0 1 0 1 0 0 1 0 0 1 1 0 1 1 0 1 1 1 1 0 0 0 1 0 1 0 1 0 1 1 1 0 1 1 0 1 1 1 0 1 0 1 1 0 1 1 0 0 0 0 1 1 0 0 0 1 1 1 1 1 1 0 1 0 0 0 0 0 1 1 0 1 0 0 0 0 1 0 1 0 1 0 1 1 0 1 0 0 1 0 1 1 
1 1 0 1 0 0 0 0 1 1 1 1 1 0 0 1 0 1 1 0 0 0 0 1 0 0 1 0 0 1 1 0 1 1 1 1 1 1 1 1 0 1 0 0 0 0 1 1 1 0 1 1 0 0 0 0 1 1 0 0 0 1 1 1 1 1 0 1 0 1 0 0 0 1 1 0 1 0 0 1 0 1 1 1 0 1 0 1 1 1 0 0 1 0 1 0 0 1 0 1 0 0 1 0 0 1 1 0 1 0 1 1 1 0 0 1 0 0 0 1 
1 1 0 1 0 0 0 0 1 0 1 0 0 0 1 1 1 0 0 1 1 0 0 0 0 1 1 0 1 1 0 1 1 1 1 0 0 0 1 1 1 1 0 1 1 1 0 1 1 0 0 0 0 1 1 0 1 0 1 0 1 0 0 1 1 0 1 1 0 1 1 0 0 1 1 0 1 0 1 1 0 1 1 1 0 1 1 1 0 0 0 0 0 1 1 1 0 1 1 1 0 0 1 0 1 0 0 0 1 1 1 1 1 1 1 1 0 0 0 1 
0 1 0 0 0 0 1 0 1 1 1 0 1 0 1 1 1 1 1 1 1 0 0 1 0 0 0 0 0 1 1 1 1 1 1 0 1 1 1 1 1 1 0 1 1 1 0 1 0 0 1 1 1 1 0 1 0 1 1 0 1 1 1 1 1 1 1 0 0 0 0 0 0 0 0 0 1 0 1 1 1 1 0 1 0 1 1 1 1 0 0 0 0 1 1 1 1 1 0 1 1 0 1 0 0 0 1 0 1 0 1 1 1 1 0 0 0 0 1 1 
1 1 0 0 0 0 0 0 1 1 1 0 0 1 1 1 0 0 0 1 0 0 1 1 0 1 0 1 0 1 1 1 1 1 1 1 0 1 1 1 0 1 0 1 1 1 0 0 1 0 1 1 1 0 1 0 0 0 0 1 1 1 1 0 1 0 1 1 1 0 1 0 1 1 0 0 1 0 0 1 0 0 1 1 0 1 1 1 1 0 1 0 1 1 0 0 1 1 1 1 0 1 1 0 1 0 1 1 1 0 1 1 1 1 0 0 0 0 1 1 
0 1 0 1 0 0 0 0 0 1 1 1 1 0 1 1 1 0 1 1 1 1 1 1 0 1 1 0 0 1 0 1 0 0 1 1 0 0 1 1 1 1 0 1 0 1 0 0 0 1 1 1 1 0 1 1 1 1 1 1 1 1 1 1 1 1 0 0 0 0 0 0 1 1 0 0 1 0 1 0 1 1 1 1 0 1 0 1 1 0 0 0 1 0 1 0 0 1 0 1 0 0 1 0 0 0 1 1 1 0 0 1 1 1 0 1 0 0 0 1 
0 1 0 0 0 0 0 0 1 1 0 0 0 1 1 1 0 1 1 1 1 0 0 0 1 1 0 0 0 1 1 1 1 0 1 1 0 0 1 0 0 1 0 1 1 0 0 0 1 0 1 0 1 0 1 0 0 1 1 0 1 1 1 1 1 0 0 1 0 1 0 0 0 1 0 0 1 1 1 1 0 0 1 1 0 1 1 1 1 0 1 0 1 1 1 1 0 1 0 1 1 0 0 0 0 0 0 1 1 0 1 1 0 0 0 0 1 0 1 1 
1 1 0 0 0 0 1 0 1 1 1 1 0 0 1 1 1 0 1 0 1 0 0 0 0 1 0 0 0 1 0 1 1 1 0 0 0 0 1 0 1 0 0 0 1 1 0 1 0 0 1 1 0 1 0 0 1 0 0 0 1 1 0 1 1 1 0 1 0 1 0 0 1 1 0 0 1 0 0 1 1 0 0 1 0 1 0 1 1 1 0 0 1 1 1 1 1 0 1 1 1 0 0 0 0 0 1 0 0 0 0 1 0 1 1 1 0 1 0 1 
1 1 0 0 0 0 0 0 1 1 1 0 0 0 1 1 0 1 1 0 1 0 1 1 0 1 0 0 0 1 1 0 1 0 1 0 1 1 1 1 1 1 0 1 0 0 0 0 1 0 1 0 1 0 0 1 1 0 1 0 1 1 1 1 1 1 1 0 0 1 0 0 0 0 0 0 1 0 0 0 0 0 0 1 0 1 1 1 1 0 1 0 0 0 0 1 0 1 0 1 0 0 0 0 0 0 1 1 1 0 1 1 0 0 1 0 0 1 0 1 
0 0 0 0 0 0 1 0 1 1 0 0 0 0 1 1 0 0 1 1 1 1 1 1 0 1 1 0 0 1 1 1 1 0 1 0 0 1 1 1 1 0 0 0 1 1 0 0 1 0 1 0 1 1 0 0 1 0 1 0 1 1 0 1 1 0 1 0 1 1 1 0 0 1 0 0 1 0 1 1 1 0 1 1 0 0 1 1 1 1 1 1 1 0 1 0 1 1 0 1 0 0 0 0 1 0 1 0 1 1 0 1 0 1 0 0 0 0 1 1 
1 0 0 0 0 1 1 0 0 1 1 0 0 0 1 1 0 1 1 1 1 0 0 1 0 1 1 0 0 1 0 1 0 1 1 0 1 0 1 1 0 0 0 1 0 1 1 0 1 0 1 0 1 0 1 1 0 1 0 1 1 1 1 1 1 1 1 1 0 1 1 0 1 1 1 0 1 0 0 1 0 0 0 1 0 1 1 1 1 0 1 1 0 0 1 0 1 1 1 1 1 0 1 0 0 0 1 0 1 1 0 1 1 1 1 0 0 0 1 1 
1 1 1 0 0 0 0 1 0 1 0 1 0 0 1 1 0 1 1 1 1 0 0 1 0 1 0 0 0 1 1 1 1 1 1 0 0 0 1 1 0 1 0 1 1 1 0 0 1 0 1 0 1 0 0 1 0 0 1 0 1 1 1 1 0 0 0 1 1 1 0 0 0 0 0 0 1 0 1 0 1 1 1 1 0 0 1 1 1 1 0 0 1 0 1 1 0 1 0 1 1 0 0 0 0 0 1 0 1 0 1 1 1 1 0 0 1 1 1 0 
0 1 0 1 1 1 1 1 0 1 0 1 1 0 1 1 0 0 0 1 1 0 1 0 0 1 1 0 0 1 1 1 1 1 1 0 0 0 1 1 1 1 0 0 1 1 0 0 0 0 1 0 1 1 1 1 0 0 1 0 1 1 0 1 1 1 1 0 0 1 0 0 1 1 1 0 1 0 1 1 0 1 1 1 0 1 1 1 1 1 0 1 1 0 1 1 0 1 1 1 0 0 0 0 1 0 1 0 1 0 1 1 0 0 1 1 1 1 0 1 
1 1 0 1 1 0 0 0 0 0 0 1 1 0 1 0 1 1 1 1 1 0 0 1 0 1 1 0 0 0 1 0 1 0 1 1 1 1 1 1 1 1 0 1 0 0 0 0 0 1 1 1 0 0 0 1 0 1 1 0 1 1 1 1 1 1 1 1 0 1 1 0 1 1 0 0 1 0 1 1 1 0 1 1 0 1 1 1 1 0 0 0 0 0 1 0 1 1 1 1 1 0 0 0 1 1 1 0 1 0 0 1 1 1 1 0 0 0 1 1 
0 0 0 0 0 0 0 0 1 0 1 1 0 0 1 1 1 0 0 1 1 1 1 1 0 1 0 0 0 0 1 1 1 0 1 1 1 1 1 1 1 1 0 1 1 1 1 0 1 0 1 0 1 0 0 1 1 1 1 0 1 0 0 1 1 1 0 0 0 1 1 0 1 1 0 0 0 0 1 1 0 0 0 1 0 1 1 1 0 1 0 0 1 0 1 1 0 1 0 1 1 0 1 0 0 1 0 1 1 0 0 1 1 1 0 0 0 1 1 1 
0 1 1 0 0 0 0 1 0 0 1 0 1 0 1 1 1 0 1 1 1 0 1 1 0 1 0 0 0 1 1 0 0 1 1 0 0 0 1 1 1 1 0 0 1 0 0 0 0 0 1 0 1 0 0 0 1 0 1 0 1 1 0 1 1 0 1 0 0 0 0 0 0 0 1 0 1 0 1 1 0 0 0 1 0 1 0 1 1 1 0 0 1 0 1 1 1 1 0 1 0 0 1 0 1 0 1 0 1 0 0 1 1 0 1 0 0 0 1 1 
