140 140
55 88 38 81 82 111 95 136 78 125 109 120 60 15 130 43 137 25 47 46 101 49 38 18 112 138 5 73 53 51 13 81 44 56 90 11 44 74 102 56 113 11 133 48 61 100 101 129 49 79 47 55 111 102 69 91 68 98 131 40 64 111 56 77 21 133 49 45 56 71 74 51 9 27 134 81 122 67 104 129 127 93 10 110 69 32 22 32 126 10 102 26 69 80 50 75 22 125 137 31 73 123 25 114 1 29 75 132 77 88 39 6 55 123 42 107 2 10 131 56 41 74 74 134 81 47 44 37 62 125 123 64 78 69 98 133 105 24 52 56 
92 23 131 74 117 26 109 118 58 69 114 54 46 139 6 65 63 10 70 13 96 22 115 30 126 74 12 33 73 11 115 132 102 20 46 72 119 14 81 111 105 93 126 36 96 96 130 126 26 107 89 1 25 84 109 138 65 120 112 19 41 124 5 40 103 3 90 96 115 109 5 14 25 1 65 106 37 68 31 110 78 16 32 134 60 45 12 116 24 13 127 137 41 69 76 46 14 128 19 137 47 2 71 55 101 30 66 132 130 124 72 4 47 46 29 28 5 121 21 34 50 89 79 65 53 96 129 57 128 136 11 52 27 121 43 35 67 93 103 88 
-1
0 1 0 1 1 1 0 0 0 1 0 1 0 0 0 0 0 0 0 1 0 0 0 1 1 0 1 1 0 1 1 1 0 0 0 0 1 1 1 0 0 1 1 1 0 0 0 0 1 0 0 1 0 1 0 0 0 1 1 0 1 1 0 1 1 0 0 0 0 0 1 1 1 0 1 0 0 1 0 1 0 1 1 0 1 0 0 1 0 1 0 0 1 0 1 0 1 0 0 1 1 1 1 1 0 0 1 1 0 1 0 1 1 1 0 1 0 1 1 1 1 1 0 0 0 0 1 0 0 0 1 1 0 0 0 0 0 0 1 0 
0 1 0 1 0 0 1 1 0 1 0 1 1 0 1 0 1 0 0 1 0 0 1 1 1 1 0 1 1 1 0 1 1 0 0 1 1 0 0 0 0 1 1 1 0 0 0 0 0 0 1 1 0 0 0 1 0 0 1 1 0 0 1 0 1 0 1 0 0 1 0 1 0 1 1 1 0 0 1 1 0 1 0 0 1 0 1 1 0 1 0 1 0 0 1 1 0 0 0 1 0 1 1 0 0 0 1 1 0 0 0 1 0 1 1 1 0 0 1 0 0 1 0 0 0 0 0 0 0 0 1 1 0 0 0 0 1 1 1 1 
1 1 0 1 1 0 1 0 0 1 0 1 1 1 1 0 1 0 1 0 0 0 0 0 1 0 0 1 1 0 0 1 0 0 1 0 1 1 1 0 1 1 1 0 0 1 0 0 0 0 1 1 0 0 0 0 0 1 1 0 1 1 0 1 0 0 1 1 0 0 0 1 0 0 1 1 0 0 1 1 0 1 0 0 1 0 1 1 0 0 0 1 1 0 0 1 1 0 0 0 0 1 1 0 0 0 1 1 0 0 0 1 1 0 0 1 1 0 1 1 0 1 0 0 1 0 0 1 0 0 1 1 0 1 0 0 1 1 1 1 
0 1 0 0 1 0 0 1 0 1 0 1 1 1 0 1 1 0 1 1 1 0 0 1 1 1 0 0 1 0 0 1 0 0 0 1 1 1 0 1 1 0 1 1 0 1 0 0 0 0 1 1 0 1 0 0 0 1 0 1 1 1 0 1 1 0 1 0 0 0 0 0 0 1 1 0 0 0 1 1 0 1 1 0 1 0 0 0 0 1 0 0 1 0 0 0 1 0 0 1 1 1 1 1 0 0 1 1 1 1 0 0 1 0 0 1 1 1 1 1 0 1 0 0 1 0 1 0 0 0 0 1 0 1 1 0 0 0 1 1 
0 1 0 0 1 0 0 1 0 1 0 1 1 1 0 1 0 1 1 1 0 0 0 1 1 1 1 0 0 1 1 1 1 1 0 1 1 1 1 1 1 1 1 1 0 0 0 0 0 0 0 1 0 1 1 0 0 1 1 1 1 0 0 1 0 0 1 0 0 0 0 0 1 0 1 1 0 0 1 1 0 1 1 0 0 1 1 1 0 1 0 1 1 1 1 0 1 0 0 1 1 1 1 1 0 0 1 1 0 0 0 1 0 1 0 0 1 0 1 1 0 1 1 0 1 0 0 0 0 0 1 1 0 0 0 0 1 1 1 1 
1 1 0 0 1 0 0 0 1 1 0 1 1 0 0 1 0 0 1 1 0 0 0 1 1 1 1 1 1 1 1 1 0 1 0 0 1 0 0 0 0 1 1 1 0 0 1 0 0 1 1 0 0 1 0 0 0 0 1 0 1 0 1 0 0 1 1 1 0 0 0 0 0 0 1 1 0 0 0 1 0 1 1 0 0 1 1 0 0 1 0 0 1 0 0 1 1 0 0 1 1 1 1 1 0 0 1 1 0 0 0 0 0 1 0 0 0 0 1 1 0 1 1 0 1 0 1 0 0 0 1 1 1 0 0 0 0 1 1 1 
0 1 0 0 1 0 1 0 0 1 0 1 1 0 0 0 0 1 1 1 0 0 0 1 1 1 1 0 0 0 1 1 1 0 1 0 1 1 0 0 1 1 0 1 0 0 0 0 0 0 1 1 0 0 0 1 0 1 1 1 1 1 1 1 0 0 1 0 0 0 0 0 0 0 1 0 0 0 1 1 0 1 0 0 1 1 0 1 0 1 0 1 0 0 0 1 1 0 0 1 1 1 1 1 1 0 1 1 0 1 0 1 0 1 0 1 1 0 0 1 0 1 0 0 1 0 0 1 1 0 0 1 0 0 0 1 0 0 1 1 
1 1 0 1 1 1 1 1 0 1 0 1 1 1 1 1 0 0 1 1 1 0 0 1 1 1 1 1 1 1 0 1 0 0 0 0 1 1 0 0 0 1 1 1 0 0 0 0 0 0 0 1 1 1 1 0 0 0 1 1 1 1 0 1 1 0 1 0 0 0 0 0 0 0 0 1 0 1 0 1 1 1 1 0 1 1 1 1 0 1 0 0 0 0 0 1 1 1 0 1 1 1 1 1 0 0 1 1 1 0 0 1 0 0 0 1 0 0 1 1 0 1 0 0 1 0 1 1 0 0 0 1 0 0 1 0 1 1 1 1 
0 1 0 0 1 0 0 1 0 0 0 0 1 0 0 0 0 1 0 0 0 0 1 0 1 1 1 0 0 1 1 1 0 0 0 0 1 1 1 0 1 1 1 1 0 0 0 0 1 0 1 0 0 1 1 0 1 0 1 0 1 0 1 0 1 0 1 1 0 0 0 0 0 0 1 0 0 1 1 1 0 1 1 0 1 0 0 1 0 1 0 0 1 0 0 1 1 0 0 0 1 1 1 1 0 0 1 1 0 0 0 1 0 0 0 1 0 0 1 1 0 1 0 0 0 0 0 0 0 0 1 1 0 0 0 0 1 1 1 1 
0 1 0 0 1 1 1 0 0 1 0 1 0 1 0 1 1 0 0 1 1 1 0 1 1 1 0 1 0 0 0 1 0 0 1 0 1 1 1 0 1 1 1 1 0 0 0 0 0 0 0 1 0 1 1 1 0 0 1 1 1 1 0 1 0 0 0 0 0 0 0 0 1 1 1 1 0 1 1 1 1 1 1 0 1 0 1 0 0 1 0 0 0 0 0 1 1 0 0 0 1 0 1 1 0 0 1 1 1 0 0 1 0 1 0 1 0 1 1 1 0 1 0 0 1 0 0 0 0 0 0 1 1 0 0 1 0 1 1 1 
0 1 0 1 1 1 0 0 0 1 0 1 0 0 0 0 0 0 1 1 1 0 0 1 1 1 1 1 1 1 0 1 0 1 0 0 0 0 1 1 1 1 1 1 1 0 0 0 1 0 0 1 0 0 0 1 0 1 1 0 1 1 1 1 0 0 0 0 0 0 1 1 0 0 1 0 0 0 1 1 1 1 1 0 1 1 1 0 0 0 0 0 1 0 1 1 1 0 0 1 0 1 1 1 0 0 1 1 0 1 0 1 0 1 0 1 1 0 1 0 0 1 0 0 1 0 1 0 0 0 0 1 1 0 0 0 1 0 1 1 
0 1 0 0 1 0 1 0 0 1 0 1 1 0 0 0 1 0 1 1 1 1 0 1 0 1 1 1 1 0 0 0 0 0 1 0 1 1 0 0 1 1 1 1 0 1 0 0 0 0 0 1 1 0 1 0 1 1 1 0 0 0 1 1 0 0 0 0 0 0 0 0 1 0 1 1 0 0 1 1 0 1 1 0 1 0 1 1 0 1 0 1 0 1 0 0 1 0 0 1 1 0 1 1 0 0 1 1 0 1 0 1 1 1 0 0 0 0 1 0 1 1 1 0 0 0 0 1 0 0 0 1 0 0 0 0 1 1 1 0 
1 1 0 1 1 1 1 0 0 1 0 1 1 1 0 1 1 0 1 1 0 0 1 1 1 0 0 1 0 1 1 1 0 1 1 0 1 0 0 1 1 1 1 1 0 0 0 0 0 0 1 1 0 0 0 1 0 1 0 0 1 1 0 1 0 0 1 0 0 0 1 0 0 0 1 1 0 0 1 0 1 0 1 1 1 1 1 0 0 1 0 0 1 0 1 1 1 0 0 1 1 1 1 1 0 0 0 1 1 0 0 0 0 1 0 0 1 0 1 0 1 1 0 0 0 0 1 1 0 0 0 0 0 0 0 1 1 1 1 1 
0 1 0 0 1 0 0 1 0 1 0 1 1 1 1 0 0 0 0 1 0 0 0 1 1 1 0 1 1 0 1 1 0 1 0 0 1 0 1 0 0 1 1 1 0 0 0 0 0 0 0 1 1 1 1 1 0 1 1 0 1 0 1 1 0 1 1 0 0 0 0 1 0 1 1 1 0 1 1 1 0 1 1 0 1 0 1 0 0 1 0 1 0 1 1 1 1 0 0 0 1 1 1 0 0 0 0 1 0 0 1 1 0 1 0 1 0 1 1 1 1 1 0 0 0 0 1 1 0 0 1 1 1 0 0 0 1 1 1 0 
0 1 0 1 1 1 0 1 0 1 0 1 1 0 0 0 1 0 1 1 1 0 0 1 1 1 0 1 0 0 1 1 0 0 1 0 1 1 1 0 0 1 1 1 0 0 0 0 0 0 1 1 0 1 1 0 1 1 1 1 1 0 0 0 1 0 0 0 0 1 0 0 1 1 0 0 0 0 1 1 1 1 1 0 1 1 1 1 0 1 0 1 0 0 0 1 1 0 0 1 0 1 1 1 0 0 0 1 1 0 0 1 0 1 0 1 1 0 1 1 0 1 0 0 1 0 0 0 0 0 0 1 0 0 0 1 0 1 1 1 
0 1 0 1 1 0 1 0 1 0 0 1 0 1 0 0 1 0 0 1 0 0 1 1 1 1 0 1 0 0 0 1 0 1 1 0 1 0 0 0 0 0 1 1 0 0 0 0 0 1 1 1 0 0 0 0 0 0 0 0 1 0 1 1 0 1 1 0 0 0 1 1 0 0 1 1 0 1 1 1 0 1 0 0 1 1 0 1 0 1 0 1 1 1 1 1 1 0 0 1 0 0 1 1 0 0 0 1 0 0 0 1 1 0 0 1 0 1 1 1 0 1 0 0 0 0 0 1 0 0 0 1 0 0 0 0 1 1 1 0 
0 1 0 0 1 0 0 0 0 1 0 1 1 1 0 0 1 0 0 1 1 0 1 1 1 1 0 1 0 1 1 1 1 0 1 0 1 1 0 0 1 1 1 1 0 0 0 0 0 0 1 1 0 0 0 0 0 1 0 0 1 0 0 0 0 0 1 0 0 0 0 0 0 1 0 1 0 1 1 1 1 1 0 0 1 1 1 0 0 1 0 0 1 1 0 0 1 0 0 0 0 1 1 0 0 1 0 0 0 0 0 1 0 0 0 1 0 1 1 0 0 0 0 0 0 0 1 0 0 0 0 1 1 1 0 0 0 1 1 1 
1 1 0 0 1 0 1 0 0 1 0 1 0 0 1 0 0 1 1 1 1 0 1 1 1 1 0 1 0 1 1 0 0 0 1 0 1 0 0 1 0 0 1 1 0 0 1 0 0 0 1 1 1 1 0 0 0 1 1 0 1 0 1 1 0 1 0 0 0 0 1 0 0 0 1 0 0 1 1 1 1 1 1 1 0 0 1 0 0 0 0 0 0 1 0 1 1 0 0 0 1 1 1 1 0 0 1 1 0 0 0 0 0 0 0 1 0 0 1 1 0 1 0 0 0 0 1 1 0 0 0 1 0 0 1 0 0 1 1 1 
0 1 1 0 1 1 0 0 1 1 0 1 1 1 1 1 1 1 0 1 0 0 0 1 0 1 1 1 1 1 1 1 0 0 1 0 1 1 1 0 1 1 1 1 0 0 0 0 0 1 1 1 0 0 1 0 0 1 1 1 0 0 0 0 0 0 1 1 0 1 1 0 0 0 1 1 0 1 1 1 1 1 0 0 1 1 1 1 0 1 0 1 0 1 1 1 1 0 0 0 1 1 1 1 0 0 1 1 0 0 0 1 0 1 0 1 1 0 1 0 0 1 0 0 0 0 1 1 0 0 1 1 1 0 0 1 0 1 1 0 
0 1 1 0 1 0 0 0 0 1 0 0 1 0 0 1 1 1 1 0 0 0 0 1 1 0 1 1 1 1 0 1 1 0 0 0 1 1 0 0 0 1 1 1 0 1 0 0 0 0 0 1 1 1 1 1 1 1 1 1 0 0 1 0 0 1 0 0 0 0 1 1 0 0 1 0 0 0 1 1 0 1 0 0 1 0 1 1 0 1 0 1 0 0 0 1 1 0 0 0 1 1 1 0 0 0 0 1 1 0 0 1 1 0 0 0 0 1 1 0 0 1 1 0 0 0 1 0 0 0 0 1 0 0 0 0 1 1 1 1 
0 1 0 1 1 1 1 1 0 0 0 1 0 0 0 0 1 0 1 1 0 0 0 1 1 1 1 0 0 0 1 1 1 0 1 1 1 0 0 0 0 0 1 1 0 0 1 0 1 1 1 1 0 0 0 0 0 0 1 0 0 0 1 1 0 1 0 1 0 0 0 0 0 0 1 1 0 1 1 1 1 1 0 0 1 0 1 1 0 1 0 0 1 0 1 1 1 0 0 1 0 1 1 1 0 0 1 1 0 0 0 1 0 1 0 1 0 1 1 1 0 0 0 0 0 0 1 0 0 0 0 1 0 0 0 1 1 0 1 0 
1 1 1 0 1 0 0 1 1 1 0 1 1 1 0 0 0 0 0 1 0 0 0 1 0 1 1 1 0 0 0 1 0 0 0 1 1 1 1 0 0 1 1 0 0 0 0 0 0 0 0 1 0 1 1 1 0 1 1 1 1 0 0 1 1 0 0 1 0 0 1 0 1 0 1 1 0 0 1 1 0 1 1 0 0 0 1 0 0 1 0 1 0 0 0 1 1 0 0 1 0 1 1 1 0 0 1 1 0 0 1 1 0 1 0 0 0 0 1 1 1 1 0 0 0 0 1 0 0 0 1 1 0 0 0 0 1 1 1 0 
0 1 0 1 1 1 1 0 0 1 0 1 1 1 0 0 1 0 0 1 0 0 0 0 1 0 1 1 1 0 0 0 0 0 1 0 1 1 1 0 1 0 1 1 0 0 0 0 1 1 0 1 1 0 1 0 0 1 1 0 1 0 0 0 1 1 0 0 0 0 0 1 0 1 1 1 0 1 1 1 1 1 1 0 1 1 0 0 0 1 0 1 1 1 0 0 1 1 0 1 0 1 1 1 0 0 1 1 0 0 0 1 1 1 0 1 0 1 1 0 1 1 0 0 1 0 1 0 0 0 1 1 0 0 0 0 0 1 1 1 
1 1 0 1 1 0 1 0 0 1 0 1 1 0 0 0 0 0 1 1 0 1 0 1 0 1 0 0 0 0 0 1 0 0 1 0 1 1 1 0 0 1 1 1 1 0 0 0 0 1 1 1 0 1 0 1 0 1 1 0 1 1 1 1 1 0 1 0 0 0 1 0 0 0 1 0 0 0 1 1 1 1 0 0 1 0 1 0 0 1 0 0 1 0 0 1 1 0 0 1 1 1 1 1 0 0 1 1 0 1 0 1 0 1 0 1 0 0 1 0 0 1 0 0 0 0 1 0 0 0 0 1 1 0 0 0 0 1 1 1 
0 1 0 0 1 0 0 0 0 1 1 1 1 0 0 1 1 1 0 0 1 0 1 1 1 1 0 1 1 1 0 1 0 0 1 0 1 0 1 0 0 1 1 1 0 0 0 0 0 0 1 1 0 1 1 1 0 1 1 1 1 1 1 0 1 1 0 1 0 0 0 0 0 1 1 1 0 1 1 1 0 1 0 0 0 1 1 0 0 1 0 0 0 1 0 0 1 0 0 1 1 1 1 1 0 0 0 1 0 0 0 1 0 1 0 1 0 0 1 1 1 1 0 0 0 0 1 0 0 0 0 1 1 0 0 0 1 1 1 0 
0 1 1 0 1 1 0 0 0 1 0 1 1 0 1 0 0 0 1 1 1 0 0 1 1 0 1 1 1 1 1 1 1 0 0 0 1 1 0 0 1 0 1 1 0 0 0 0 0 0 1 1 0 0 0 1 0 0 1 1 0 1 1 0 1 1 0 0 0 0 1 1 1 0 1 1 0 0 1 1 0 1 1 0 0 0 1 1 0 1 0 0 1 1 0 1 1 1 0 1 1 1 1 1 0 0 1 1 0 0 0 1 0 0 0 0 0 1 1 0 1 1 0 0 1 0 1 1 0 0 1 1 1 1 0 0 1 0 1 0 
0 1 0 1 1 0 1 1 1 1 0 1 1 1 1 1 1 0 1 1 0 0 0 1 1 1 0 0 1 1 1 1 0 0 0 1 1 1 1 1 0 1 1 0 0 0 0 0 1 0 1 1 1 1 1 1 0 0 1 0 1 0 0 1 1 0 0 0 0 0 0 0 1 0 0 0 0 0 1 1 1 1 0 0 0 1 0 0 0 1 0 1 0 1 0 1 1 0 0 0 1 1 1 1 0 0 0 1 1 0 0 1 0 1 0 1 0 1 1 1 1 1 0 0 1 0 1 1 0 0 1 1 0 1 0 0 0 1 1 0 
0 1 0 0 0 0 0 0 0 1 0 1 1 0 0 0 0 0 0 1 1 1 0 1 1 1 0 1 1 0 1 1 0 0 0 0 1 1 0 0 0 0 1 1 0 0 0 0 0 1 1 1 0 0 0 0 1 1 1 0 0 0 1 0 0 0 0 0 0 0 0 0 1 0 1 0 0 0 0 1 0 1 1 0 0 1 1 1 0 1 0 0 0 0 0 1 1 1 1 1 0 1 1 1 0 0 1 1 1 1 0 1 0 1 0 0 1 0 1 0 0 1 0 0 1 0 1 1 0 0 0 1 1 0 0 0 0 1 1 1 
0 1 0 0 1 0 0 0 0 0 0 1 0 1 0 0 1 0 1 1 0 1 0 1 1 1 0 1 1 0 0 1 1 1 1 1 0 1 1 0 0 1 1 1 0 0 0 0 1 0 0 1 0 1 0 0 1 0 1 0 1 1 0 1 0 0 1 0 0 0 0 0 0 0 1 1 1 1 1 1 0 1 0 0 1 1 1 0 0 1 0 1 1 0 1 0 1 0 0 1 1 1 1 1 0 0 1 1 0 1 1 1 0 0 0 0 0 1 1 0 1 1 0 0 1 0 1 0 0 0 1 1 1 0 0 0 1 1 1 1 
0 1 0 1 0 1 1 1 0 1 0 1 0 1 0 0 1 0 1 1 0 1 0 1 0 1 0 1 1 0 0 1 0 0 0 0 1 1 1 0 0 1 0 1 0 0 0 0 1 0 0 1 0 0 0 1 0 1 1 1 1 0 1 0 1 1 0 0 0 1 0 1 0 0 1 0 0 1 0 1 0 1 0 0 0 1 0 0 0 1 0 1 0 1 0 1 1 0 0 1 1 1 1 1 0 0 1 1 0 0 0 1 0 1 0 0 1 1 1 0 0 1 1 0 0 0 1 1 0 0 1 1 1 1 0 0 0 1 1 1 
0 1 0 0 1 1 0 0 0 1 0 1 1 0 1 0 0 0 1 1 1 0 0 1 0 1 1 1 0 1 0 0 1 0 0 0 0 0 0 0 1 0 1 1 0 0 0 0 1 1 1 1 0 0 0 0 0 1 1 0 1 1 1 0 0 1 0 0 0 0 0 0 0 1 0 1 0 0 1 1 1 1 0 0 0 0 1 0 0 1 0 0 0 1 0 1 1 0 0 0 1 1 1 1 0 0 1 1 0 1 0 0 1 1 0 0 0 1 1 0 1 1 1 0 1 0 1 0 0 0 0 1 1 0 0 0 0 0 1 1 
0 1 0 1 0 0 0 1 0 1 0 1 0 1 0 0 1 0 0 1 1 1 0 1 1 0 0 0 1 1 0 1 1 0 1 0 1 1 0 0 0 1 1 1 0 0 0 0 1 1 1 1 0 1 0 0 1 0 0 0 1 1 1 1 1 0 1 0 0 0 0 1 0 0 1 0 0 0 1 1 1 1 1 1 0 0 1 1 0 1 0 1 1 1 0 1 1 0 0 0 1 1 1 1 0 0 1 1 0 1 0 1 0 0 0 0 0 1 1 1 0 1 0 1 0 0 1 0 0 0 0 1 1 0 1 1 0 1 1 0 
1 1 0 0 1 0 1 0 0 1 0 1 0 1 1 0 1 0 0 1 1 0 1 1 0 1 0 1 1 1 0 0 0 0 0 0 0 1 1 0 1 1 1 1 0 0 0 0 1 0 0 1 0 1 0 0 0 1 1 1 1 1 0 1 0 0 1 0 0 0 0 0 1 1 0 1 0 1 0 1 0 1 1 0 1 0 1 1 0 1 0 1 1 1 0 1 1 0 0 0 1 1 1 1 0 1 1 1 0 1 0 1 0 1 0 0 1 0 1 1 0 1 0 1 1 0 1 0 0 0 0 1 1 1 1 0 0 1 1 1 
0 1 0 1 1 0 0 1 0 1 0 1 1 1 1 0 1 0 1 1 0 0 0 1 1 1 1 1 1 1 0 1 0 1 1 0 1 1 1 0 0 1 1 1 0 0 0 0 0 0 1 1 0 1 1 0 1 0 1 1 1 1 0 1 0 0 0 1 0 0 0 0 0 1 1 1 0 0 1 1 1 1 0 0 1 1 1 0 0 1 0 1 1 1 0 1 1 0 0 0 0 0 1 0 0 0 1 1 0 0 0 1 0 0 0 1 0 0 1 1 0 1 0 0 0 0 1 0 0 0 0 1 1 1 0 1 0 1 0 1 
0 1 0 0 1 0 0 1 0 1 0 1 1 0 0 0 1 0 1 1 1 1 0 1 1 1 1 0 1 0 0 0 0 0 1 0 1 1 0 0 0 0 1 1 0 1 0 0 1 1 1 1 0 1 0 1 0 1 1 0 1 0 0 1 1 0 1 0 0 0 0 0 0 0 0 1 0 0 1 1 0 1 0 0 1 1 1 1 0 1 0 0 1 1 0 1 1 0 0 1 1 1 1 1 0 0 0 1 0 0 1 1 0 0 0 0 1 1 1 1 0 1 0 0 1 0 1 1 0 0 1 1 0 1 0 0 0 1 1 0 
0 1 0 0 1 0 1 1 0 1 0 1 0 0 0 0 0 1 1 1 1 0 0 1 1 1 0 1 0 0 0 1 0 0 1 0 1 0 0 0 1 1 1 1 0 1 0 0 1 0 0 1 0 0 0 0 0 1 0 0 1 0 1 1 0 0 0 0 0 0 0 0 0 1 1 0 0 0 1 1 1 1 1 0 1 1 1 1 0 1 0 0 1 1 1 1 1 0 0 1 1 1 1 0 0 0 1 0 0 0 0 1 0 1 0 0 1 0 1 0 0 1 0 0 0 0 0 0 0 1 0 1 1 0 0 0 0 0 1 1 
1 1 0 0 1 1 0 0 0 1 0 1 0 0 0 0 1 0 1 1 0 1 0 1 1 1 0 1 0 0 0 1 0 0 0 0 1 1 1 0 1 0 1 1 0 1 1 0 0 1 1 1 0 1 0 0 0 1 0 0 1 0 0 0 1 1 1 0 0 0 0 0 0 1 1 1 0 1 1 1 1 1 0 0 1 1 0 0 0 1 0 1 0 0 0 1 1 0 0 0 1 1 1 1 0 0 0 1 0 0 0 0 0 1 0 1 0 0 1 1 1 1 1 0 0 0 0 1 0 0 1 1 0 0 0 0 0 1 1 0 
0 1 0 0 1 0 1 1 0 1 1 1 1 1 1 0 1 0 1 1 1 1 0 1 1 0 0 1 1 1 1 1 1 0 1 0 1 1 0 0 0 1 1 1 0 1 1 0 0 0 1 1 0 0 1 0 0 0 1 1 0 1 0 0 0 1 1 0 0 0 0 0 1 1 1 0 0 0 0 1 0 1 1 0 1 0 0 1 0 1 0 0 0 0 0 1 1 0 0 0 1 1 1 1 0 0 1 1 1 0 0 1 0 0 0 1 1 0 1 1 1 1 0 0 0 0 1 0 0 0 0 1 0 0 0 1 1 0 1 0 
0 1 0 0 1 0 1 1 0 0 0 1 0 0 0 0 1 0 0 1 1 0 0 0 1 1 1 1 0 1 1 0 1 0 1 0 1 1 1 0 0 1 1 1 0 0 0 0 0 0 1 1 0 1 1 0 1 1 1 1 1 1 1 1 0 0 1 0 0 0 1 0 0 1 1 1 0 1 0 1 1 1 1 0 1 1 1 0 0 1 0 1 0 0 0 1 1 0 0 0 0 1 1 1 0 0 1 1 0 1 0 1 1 1 1 1 0 0 1 0 0 1 0 0 1 0 0 1 0 0 1 1 1 0 0 0 1 1 1 1 
0 1 0 0 1 0 1 0 0 1 0 1 0 0 1 1 1 1 1 1 0 0 1 1 1 1 1 0 0 0 0 1 0 0 0 0 1 1 0 0 1 1 1 1 0 1 0 0 0 1 0 1 0 0 1 1 0 1 0 0 0 0 1 0 1 0 1 0 0 0 0 0 1 0 0 0 0 0 1 1 0 1 1 0 0 1 1 1 0 1 0 1 1 1 0 1 1 0 0 0 0 1 1 0 0 0 1 1 1 0 0 1 0 0 0 0 1 0 1 0 1 1 0 0 1 0 1 1 0 0 1 1 0 1 0 0 0 0 1 0 
0 1 0 0 1 1 0 0 0 1 0 1 1 1 1 1 0 1 1 1 0 0 0 1 0 1 1 1 1 0 0 1 1 0 1 0 1 1 0 1 0 0 1 1 0 0 1 0 0 0 0 1 0 1 0 1 0 1 0 1 1 0 0 1 1 1 1 0 0 0 1 1 1 0 1 1 0 1 1 1 0 1 0 0 1 1 1 0 0 1 0 0 1 0 0 1 1 0 0 0 1 1 1 1 0 0 1 1 0 1 0 0 0 1 0 0 1 0 1 1 0 1 0 0 0 0 1 1 0 0 0 1 0 0 0 0 0 1 1 0 
0 1 0 0 1 1 0 1 0 1 0 1 0 1 0 0 0 1 1 1 1 1 0 0 1 1 1 1 0 0 0 1 0 0 0 1 1 0 0 0 0 1 1 1 0 0 0 0 1 0 0 1 0 0 1 1 0 1 1 0 1 1 1 0 1 0 1 0 0 0 1 0 0 0 1 1 0 1 1 1 1 1 1 1 1 1 1 0 0 1 0 1 1 0 0 1 1 0 0 0 0 1 0 1 0 0 1 1 0 0 1 1 0 1 0 0 0 1 1 1 0 1 0 0 0 0 1 1 0 0 1 1 0 1 0 0 1 1 1 1 
0 1 0 1 1 1 0 1 0 1 0 1 1 0 0 1 0 1 0 1 0 0 0 1 0 1 1 1 0 1 0 1 0 0 0 0 1 1 0 0 1 0 1 1 0 1 0 0 0 0 1 1 1 1 0 0 0 0 1 0 1 0 1 0 1 0 1 1 0 1 0 0 1 1 1 0 0 0 1 1 0 1 1 0 0 0 1 0 0 1 0 1 1 0 0 1 1 0 1 0 1 1 1 0 0 0 0 1 1 0 0 0 0 1 0 1 1 1 1 0 0 1 0 0 1 0 1 0 0 0 0 1 1 0 0 0 1 1 1 1 
0 1 0 0 1 1 0 1 0 1 0 1 0 0 1 0 1 0 1 1 0 0 1 0 1 1 0 1 1 0 0 1 0 0 1 0 1 1 1 0 1 0 1 1 0 0 0 0 0 0 0 1 0 1 0 0 1 1 1 1 1 0 0 1 0 1 0 1 0 0 1 1 1 1 0 0 0 0 1 1 1 1 0 0 1 1 1 1 0 1 0 0 1 1 0 1 1 0 0 0 0 1 0 1 0 0 1 1 1 0 0 1 0 1 0 0 1 0 1 1 0 1 1 0 0 0 1 1 0 0 0 1 0 0 0 0 0 1 1 1 
0 0 0 0 0 0 1 0 0 1 0 1 1 0 1 1 0 0 1 1 1 0 0 1 1 1 0 0 1 0 1 1 1 1 0 0 1 1 1 0 0 1 1 1 0 1 0 0 0 0 0 1 0 1 1 1 0 0 0 0 1 0 1 0 0 0 0 1 0 0 1 0 0 0 1 0 0 0 1 1 1 1 0 0 1 1 0 1 0 1 0 1 1 0 0 1 1 0 1 0 1 1 1 0 0 0 1 1 0 0 0 1 1 1 0 1 0 1 1 1 0 1 1 0 0 0 1 0 0 0 1 1 1 0 0 0 1 1 1 1 
0 1 1 0 1 0 0 0 0 1 0 1 1 0 0 0 1 0 0 1 0 0 0 1 1 1 0 1 0 0 0 1 0 0 1 0 1 1 0 0 1 1 1 1 0 1 0 0 0 0 0 0 1 1 0 1 0 1 1 1 1 1 0 0 1 1 1 1 1 0 1 0 0 0 1 0 0 0 1 1 1 1 0 0 0 1 1 0 0 1 0 1 1 1 0 1 1 0 0 1 1 1 1 1 0 0 0 1 0 1 0 1 0 0 0 1 1 0 1 1 0 1 0 0 1 0 0 0 0 0 1 1 0 1 0 0 0 1 1 1 
0 1 0 1 1 0 1 0 1 0 0 0 1 0 0 0 1 1 0 1 0 0 0 1 1 1 1 1 1 1 0 1 0 0 0 0 1 0 1 0 1 0 1 0 0 0 0 0 1 1 1 1 0 0 0 0 1 0 1 0 1 1 0 0 0 0 0 1 1 0 0 0 1 0 1 0 0 1 0 1 0 1 0 0 1 0 1 0 0 1 0 1 0 0 0 1 1 0 0 0 1 1 1 1 0 0 1 1 1 0 0 1 1 1 0 1 0 0 1 1 0 1 1 0 0 0 1 1 0 0 1 1 1 0 0 0 1 1 1 1 
0 1 0 1 1 1 0 0 0 0 0 1 0 1 0 0 1 1 0 0 1 0 0 1 1 1 0 0 0 1 0 1 1 0 0 0 1 0 0 0 0 0 1 1 0 0 0 0 1 0 0 0 0 1 1 0 0 0 1 1 1 0 0 1 0 0 0 0 0 0 1 1 0 0 1 0 0 1 1 1 0 1 1 0 1 0 1 1 0 1 0 1 0 1 0 1 1 0 0 0 1 1 1 0 0 0 0 1 0 1 0 1 0 1 0 1 0 1 1 1 1 1 0 0 0 0 0 1 0 0 0 1 1 0 0 0 0 1 1 1 
0 1 0 1 1 1 0 1 0 1 0 1 1 0 0 0 1 1 1 1 0 0 0 0 1 1 0 1 0 0 0 1 1 0 0 0 0 0 0 0 0 1 1 1 0 0 0 0 1 1 0 1 1 0 0 0 0 0 1 1 1 0 1 1 0 0 0 1 1 0 0 0 0 0 1 1 0 1 1 1 1 1 1 0 1 1 1 0 0 1 0 1 0 1 0 1 1 0 0 1 0 1 0 1 0 0 1 1 0 1 1 1 0 1 0 0 0 0 1 1 0 1 1 0 0 0 1 0 0 0 1 0 1 0 0 0 0 1 1 0 
1 1 0 1 1 1 0 0 0 1 0 1 1 1 0 0 1 0 1 1 1 1 1 1 1 1 1 1 1 1 0 1 0 0 0 0 1 0 0 0 1 1 1 1 0 0 0 0 0 0 1 1 0 0 1 0 0 0 0 1 0 1 0 0 0 1 0 0 0 0 1 1 1 1 0 0 0 1 1 0 1 1 1 0 1 1 1 1 0 1 0 1 0 0 1 0 1 0 0 0 1 1 1 0 0 0 1 1 0 1 0 1 0 1 0 1 0 0 0 1 1 1 0 0 0 0 0 0 0 0 0 1 0 0 0 0 1 1 1 0 
1 1 0 1 1 1 0 0 0 1 0 1 1 0 0 0 1 1 1 1 1 1 0 1 1 0 0 1 1 0 0 0 0 1 1 0 1 0 1 1 1 1 1 1 0 1 0 0 1 1 1 1 1 1 0 0 0 1 1 1 1 0 1 0 0 0 1 1 0 1 0 1 1 0 0 0 0 1 1 1 1 1 1 0 1 0 1 0 0 1 0 1 0 0 0 1 1 0 0 1 0 1 0 1 0 0 1 1 0 0 1 1 0 1 0 1 0 0 1 1 0 1 0 0 1 0 1 1 0 0 1 1 0 0 1 0 0 0 1 0 
0 1 0 0 1 0 0 0 0 1 0 1 1 0 0 0 0 0 0 1 1 0 0 1 1 0 1 1 1 1 1 1 0 0 0 1 1 1 0 1 0 1 1 1 0 0 0 0 0 0 0 1 1 0 0 0 0 1 1 1 1 1 1 0 1 0 0 1 0 0 1 0 1 1 1 1 0 1 1 1 0 1 1 0 1 0 0 1 0 1 0 0 0 0 0 1 1 0 1 0 1 1 0 1 0 0 1 1 0 0 0 1 1 1 0 1 0 1 1 0 0 1 0 0 1 0 1 1 0 0 0 1 0 1 0 0 0 1 1 1 
0 1 0 1 1 0 1 1 0 0 0 1 1 0 1 0 1 0 0 1 0 0 0 1 1 0 1 1 0 1 0 0 1 0 0 0 1 1 0 0 1 1 0 1 0 0 0 0 0 1 1 1 0 1 1 0 1 1 1 1 1 1 1 1 0 0 0 0 1 0 1 1 1 1 1 1 0 1 1 1 0 1 0 0 1 1 1 0 0 1 0 0 1 1 0 1 1 0 0 0 1 1 1 0 0 0 1 1 0 0 0 1 0 0 0 1 1 0 1 1 0 1 1 0 0 0 1 1 0 0 1 1 0 0 0 0 0 0 1 0 
1 1 0 1 0 0 0 0 1 1 0 1 0 0 0 1 0 0 0 0 0 1 0 1 1 1 0 1 1 1 1 1 0 0 0 0 1 1 0 0 1 1 1 1 0 1 0 0 1 0 0 1 0 0 0 1 0 1 1 1 0 1 1 1 1 0 1 0 0 0 0 0 1 1 1 1 0 0 1 1 1 1 0 0 1 1 1 0 0 1 0 1 1 1 1 1 1 0 1 1 1 1 1 1 0 0 1 1 0 0 0 1 0 1 0 1 0 1 1 1 0 1 0 0 0 0 1 1 0 0 0 1 1 0 0 0 0 1 1 1 
0 1 0 1 1 0 0 0 1 1 0 1 0 0 1 0 1 0 0 1 1 0 1 1 1 1 0 1 1 0 0 1 0 0 1 0 1 1 0 0 1 1 1 1 0 0 0 0 1 0 0 1 0 0 1 0 0 1 1 0 1 1 1 0 1 0 0 1 0 0 0 0 0 0 1 1 0 1 1 1 0 1 0 0 0 0 1 1 0 1 0 1 1 1 0 1 1 0 0 0 0 1 1 1 0 0 1 1 0 0 0 1 0 1 0 1 1 0 1 0 0 1 0 0 0 0 1 1 0 0 0 1 1 0 0 0 1 1 1 0 
1 1 1 1 1 1 0 1 0 1 0 1 0 1 0 1 1 0 0 1 1 0 0 1 1 1 0 1 1 1 0 1 0 1 0 0 1 0 1 0 1 0 1 1 0 0 0 0 0 1 1 1 0 1 0 1 1 0 1 0 1 0 0 0 0 1 1 0 0 0 1 1 0 0 1 1 0 0 1 1 1 1 1 1 1 1 1 0 0 1 0 0 1 1 0 1 1 0 0 0 1 1 1 1 0 0 1 1 0 0 0 1 0 1 1 0 1 1 1 0 1 1 0 0 0 0 0 1 0 0 1 1 0 0 0 0 0 1 1 1 
1 1 0 0 1 0 0 0 0 1 0 1 1 0 0 0 1 1 0 0 1 0 0 1 1 1 1 0 0 0 1 1 0 0 0 0 1 0 0 0 0 0 1 1 0 0 0 0 0 0 0 1 1 0 0 0 1 0 1 0 0 0 1 1 0 0 0 0 0 0 0 1 0 1 1 1 0 0 1 0 0 1 0 0 1 1 0 0 0 1 0 0 0 1 0 1 1 0 0 0 0 1 1 1 0 0 0 1 1 1 0 1 1 1 0 0 0 0 1 1 1 1 0 0 0 0 0 0 0 0 1 1 1 1 0 1 1 1 0 0 
0 1 1 0 0 0 1 1 1 1 0 1 0 0 0 0 0 1 0 1 0 1 0 1 1 1 1 1 1 1 1 1 0 0 1 0 1 1 0 0 0 0 1 1 0 0 0 0 1 1 1 1 1 1 0 0 1 0 1 0 1 0 0 0 0 0 1 0 0 0 1 0 0 0 1 0 0 1 0 1 0 1 0 1 1 0 1 1 0 1 0 1 1 1 1 1 1 0 0 0 0 1 1 1 0 0 0 1 0 0 0 1 0 1 0 0 0 0 1 1 0 1 1 1 1 0 1 1 0 0 1 1 1 0 0 0 1 0 1 1 
0 1 1 0 1 1 1 0 0 1 0 1 0 1 1 0 0 0 0 1 0 1 0 0 1 1 0 1 1 0 1 1 0 1 0 0 1 1 1 0 1 0 1 0 0 0 0 0 0 0 1 1 0 1 0 0 0 0 1 1 0 0 1 0 0 1 1 0 1 0 0 0 1 1 1 1 0 0 0 1 1 1 0 0 1 1 1 0 0 1 0 0 1 0 1 0 1 0 0 0 1 1 1 1 0 1 1 1 0 1 0 1 0 1 0 0 0 1 1 0 1 1 0 0 1 0 0 0 0 0 1 1 1 0 0 0 0 0 1 0 
0 1 0 1 1 0 1 1 0 1 0 1 0 0 0 0 1 0 0 0 1 0 1 1 1 1 0 1 1 1 1 0 0 0 1 0 1 1 1 1 0 0 1 1 0 1 0 0 0 1 1 1 0 1 0 1 0 0 0 0 1 1 0 1 0 0 1 0 0 0 0 1 0 0 1 1 0 1 1 1 0 1 0 0 1 0 0 0 0 1 0 1 0 1 1 1 1 0 0 0 0 1 1 0 1 1 1 1 0 0 0 1 0 0 0 1 0 0 1 1 0 1 0 0 1 0 0 0 0 0 0 1 0 1 0 0 1 0 1 1 
0 1 0 0 1 0 1 1 1 1 0 1 0 1 0 0 1 1 0 1 1 0 0 0 1 1 0 1 0 0 0 1 1 1 0 0 1 0 1 0 0 0 1 1 0 1 0 0 1 1 1 1 0 1 1 0 0 1 0 1 1 0 0 0 0 0 0 1 0 0 1 0 1 1 1 0 0 0 0 1 1 1 0 0 1 1 0 0 0 1 0 1 1 1 0 1 1 0 0 1 1 1 1 1 0 0 0 1 0 1 0 1 0 1 0 0 1 1 1 1 0 1 1 0 1 0 1 0 0 1 0 1 1 0 0 1 1 0 1 1 
0 1 0 0 1 1 0 0 0 1 0 1 0 1 1 0 0 0 1 1 0 0 1 1 1 1 0 1 0 0 0 1 0 0 0 0 1 0 0 0 1 1 1 1 0 0 1 0 0 0 0 1 0 1 1 0 1 0 1 1 1 0 1 0 0 0 1 0 0 0 1 0 1 1 1 0 0 1 1 1 1 1 1 0 1 1 0 1 0 0 0 1 0 0 1 0 1 0 0 1 1 1 1 1 1 0 0 1 0 1 0 1 0 1 0 0 0 0 1 1 0 1 0 1 0 0 1 1 0 0 0 0 1 0 0 0 0 1 1 1 
1 1 0 0 1 1 1 0 1 1 0 1 0 1 1 0 1 0 1 1 0 1 0 1 1 1 0 1 0 0 0 1 1 0 0 1 1 1 0 0 0 1 1 1 0 1 0 0 1 1 1 1 0 1 0 1 1 0 1 0 0 0 1 0 0 1 0 0 0 0 0 0 0 0 1 1 0 1 1 1 1 1 1 0 0 1 1 1 0 1 0 0 0 1 0 1 1 0 1 1 0 1 1 1 0 0 1 1 1 0 0 1 1 1 0 1 0 0 1 1 1 1 0 0 1 0 0 1 0 0 1 1 1 0 0 0 1 1 1 1 
0 1 0 0 1 0 0 1 0 1 0 1 1 0 1 0 1 0 1 1 0 0 0 1 1 0 0 1 0 1 1 1 0 0 0 0 1 1 0 0 1 1 1 1 0 0 0 0 0 1 1 1 0 0 0 1 1 1 1 0 1 1 1 1 1 1 1 1 0 0 0 0 1 0 1 1 0 1 1 1 1 1 1 0 0 1 1 1 0 1 0 0 0 1 0 1 1 0 0 1 0 1 1 1 0 0 1 1 1 0 0 1 0 1 0 0 1 0 1 1 1 1 1 0 1 0 1 1 0 0 1 1 1 0 0 0 1 0 1 1 
0 1 0 0 1 0 1 1 0 1 0 1 1 1 1 1 1 0 1 1 0 0 1 1 1 1 0 1 0 1 0 1 0 0 0 0 1 1 1 1 1 1 1 1 0 0 0 0 0 0 1 1 0 1 0 1 0 0 0 0 0 0 1 0 1 0 0 0 0 0 1 0 1 1 1 0 0 1 1 1 1 1 1 0 0 1 0 1 0 1 0 0 0 1 0 1 1 0 0 0 1 1 1 1 0 0 1 1 0 1 0 0 1 1 0 0 0 0 1 0 0 1 1 1 0 0 0 1 0 0 0 1 0 0 0 1 1 0 0 1 
0 1 0 1 1 0 0 1 0 0 0 1 1 0 0 1 0 1 1 1 0 0 0 1 0 1 1 1 0 1 1 1 0 0 1 1 1 0 1 0 1 1 1 1 0 0 0 0 0 1 1 1 1 1 0 0 0 0 0 1 0 0 1 1 1 1 1 1 0 0 0 1 0 0 1 1 0 0 1 1 1 1 1 0 1 1 1 1 0 1 0 0 1 0 0 0 1 0 0 0 0 1 1 1 0 0 1 1 0 1 0 1 1 1 0 0 0 1 1 0 0 1 0 0 1 0 0 0 0 0 1 0 1 0 0 0 0 1 0 1 
1 1 0 0 1 1 1 0 1 1 0 1 1 1 0 0 1 0 0 1 0 0 1 1 1 1 0 1 0 0 1 1 1 0 1 0 1 1 1 0 0 0 1 1 0 0 1 0 0 0 0 1 0 1 1 0 1 0 1 0 1 0 0 0 0 0 1 0 0 1 0 0 1 0 0 1 0 1 1 1 0 1 1 0 1 1 1 1 0 1 0 1 1 1 0 0 1 0 0 1 0 0 1 1 0 0 1 1 0 0 1 1 0 1 0 0 1 1 1 0 0 1 0 1 0 0 0 1 0 0 1 1 0 1 0 0 0 1 1 0 
0 1 1 1 1 1 1 0 0 1 0 1 0 0 1 0 0 0 1 1 0 0 0 1 1 1 0 1 1 1 0 1 0 0 0 0 0 1 0 1 1 1 1 1 0 1 1 0 1 0 1 1 0 1 1 0 0 1 1 1 1 1 0 0 0 0 1 1 0 0 0 1 0 0 1 1 0 1 1 1 0 1 1 0 0 1 1 0 0 1 0 1 1 0 1 1 1 0 0 1 1 1 1 1 0 0 1 1 0 0 0 1 1 1 0 1 0 0 1 1 0 0 0 0 0 0 1 1 0 0 0 1 0 1 0 1 0 1 1 1 
1 1 0 0 1 1 0 0 0 1 0 1 0 0 0 1 1 0 1 1 1 1 1 0 1 1 1 0 0 0 0 1 1 0 0 0 1 1 0 0 0 0 1 1 0 0 0 0 0 0 0 1 0 0 0 0 0 1 0 1 0 1 1 0 1 0 1 0 0 0 0 0 1 0 0 0 0 0 1 1 1 1 1 1 1 1 1 1 0 1 0 1 0 0 0 1 1 0 0 0 0 1 1 1 0 0 0 1 0 0 0 1 0 0 0 1 1 1 1 0 0 1 0 1 0 0 0 0 0 0 0 1 1 1 0 0 1 1 1 1 
0 1 0 0 1 0 1 1 0 1 0 1 1 0 1 1 1 0 1 1 1 1 0 1 1 1 1 1 1 1 0 1 0 0 0 1 0 1 0 0 0 1 1 1 0 0 0 0 1 0 0 1 0 0 0 0 0 0 0 1 1 0 1 1 0 0 1 0 1 1 0 1 1 1 1 1 0 0 1 1 1 1 0 0 1 1 1 0 0 1 0 0 0 1 0 1 1 1 0 0 0 1 1 1 0 1 1 1 0 0 0 0 0 1 0 1 1 1 1 1 0 1 1 0 1 0 1 1 0 0 0 1 1 0 0 0 0 1 1 1 
0 1 0 0 1 0 0 0 0 1 0 0 1 1 1 1 0 0 1 1 0 1 0 1 1 1 0 1 0 0 1 1 0 0 1 0 0 0 1 0 0 1 1 1 0 0 0 0 1 1 0 1 0 1 0 0 0 1 0 1 1 0 0 0 0 0 0 0 0 0 0 0 0 1 1 0 0 1 1 1 0 0 1 0 1 1 1 0 0 1 0 1 1 0 0 0 1 1 1 0 0 0 0 1 1 0 1 1 1 0 0 1 0 0 0 0 0 1 1 0 0 1 0 0 1 0 1 1 0 0 0 1 1 1 0 0 1 1 1 0 
1 1 0 1 1 1 0 1 0 1 0 0 0 0 0 0 1 1 1 1 0 1 1 1 1 1 1 0 1 0 1 1 0 0 1 0 1 1 0 0 0 0 1 1 0 0 0 0 0 0 1 1 0 1 0 0 0 0 1 1 1 1 1 0 0 0 1 0 0 0 0 0 0 0 0 0 1 1 1 1 1 1 1 0 1 1 0 1 0 1 0 1 0 1 1 1 1 0 0 0 1 1 1 1 0 0 1 1 1 0 0 1 0 0 0 0 0 0 0 1 1 1 0 0 0 0 0 1 0 0 0 1 1 0 0 0 1 1 1 0 
1 1 0 1 1 0 1 1 0 1 0 1 0 1 0 1 1 0 1 1 1 0 0 1 1 1 0 1 0 0 0 0 1 0 0 0 1 0 1 0 1 0 1 0 0 1 0 0 0 1 1 1 0 1 0 0 0 0 1 0 0 0 0 1 1 0 0 1 0 1 0 1 0 1 1 1 0 0 1 1 1 1 0 1 1 1 1 0 0 1 0 0 1 1 0 1 1 0 0 1 1 1 1 1 0 0 0 1 0 0 0 1 0 0 0 1 1 1 1 1 0 1 1 0 1 0 0 1 0 0 0 1 1 1 0 0 1 0 1 1 
0 1 0 0 1 1 0 0 0 1 0 1 1 0 0 1 1 0 0 1 1 1 0 0 1 1 1 0 1 1 1 0 1 0 1 1 1 1 0 0 0 0 1 1 0 1 0 0 0 0 1 1 1 1 1 1 1 1 1 0 1 1 1 0 0 0 1 1 0 1 1 0 0 1 0 1 0 0 1 1 0 1 0 0 1 1 1 0 0 1 0 0 1 1 0 0 1 0 0 1 1 1 1 1 0 0 0 1 0 1 0 1 0 1 0 1 1 0 1 0 0 1 0 0 0 0 1 1 0 0 0 1 0 1 0 0 0 1 1 0 
0 1 0 0 1 0 0 0 0 1 0 0 0 0 0 1 0 0 1 1 0 0 0 1 1 1 0 1 0 0 1 1 0 0 0 1 1 1 1 0 0 1 1 1 0 0 0 0 1 0 1 1 0 1 0 1 0 1 1 1 1 0 0 1 0 1 0 0 0 1 0 0 0 1 0 1 0 0 1 0 1 1 0 0 1 0 1 1 0 1 0 0 1 1 0 1 1 1 0 0 0 0 1 1 0 0 0 1 0 0 0 0 0 1 0 1 0 1 1 0 0 1 0 0 0 0 1 0 0 0 0 1 1 0 0 0 1 0 1 0 
0 1 0 1 1 0 0 0 0 1 0 1 1 1 0 0 1 0 0 1 1 1 1 1 0 1 1 0 0 0 1 0 0 0 1 1 1 0 0 1 0 1 1 1 0 0 0 0 1 1 1 1 0 1 1 1 0 1 1 0 0 1 1 0 1 0 0 1 0 0 0 1 0 0 1 1 0 1 1 1 1 1 1 0 0 1 0 1 0 1 0 1 1 1 0 1 1 0 0 0 0 1 1 1 0 0 0 1 0 0 0 1 0 1 0 0 0 1 1 1 1 1 0 0 1 0 0 1 0 0 1 1 0 1 0 0 0 0 1 1 
0 1 0 0 1 0 1 1 0 1 0 1 0 0 0 0 1 1 1 1 1 0 1 1 1 1 1 1 0 0 1 1 0 0 0 1 1 1 0 0 0 1 1 1 0 0 0 0 1 1 0 1 0 0 0 0 0 1 1 1 1 0 0 1 1 0 0 0 0 0 0 1 0 1 1 1 0 1 1 1 1 1 0 0 1 1 1 0 0 0 0 0 0 1 1 1 1 0 0 1 1 1 1 1 0 0 1 1 0 1 0 1 0 1 0 1 0 1 1 1 1 1 1 0 0 0 0 1 0 0 0 1 0 1 0 1 0 1 1 1 
0 1 0 0 1 0 0 0 0 1 0 1 0 1 0 0 1 1 1 1 0 0 0 1 1 0 1 0 1 0 1 1 0 0 0 0 1 1 0 0 1 1 1 1 0 0 0 0 0 0 0 1 1 1 1 1 0 1 1 1 1 0 0 1 1 0 0 0 0 0 0 1 0 0 1 1 0 1 0 1 0 1 1 0 0 1 0 0 0 1 0 1 1 0 0 1 1 0 0 1 0 1 1 1 0 0 1 1 1 1 0 1 0 1 0 1 1 0 1 1 0 1 0 1 0 0 0 0 0 0 0 1 1 0 0 0 1 1 1 1 
1 1 0 1 1 1 1 1 0 1 0 1 0 0 0 0 1 0 0 1 1 0 0 1 1 1 0 1 1 1 0 1 1 0 0 1 1 1 0 0 1 0 1 1 0 0 1 0 1 1 1 1 1 1 0 1 0 0 1 0 1 1 1 0 1 0 0 0 0 0 0 1 0 0 0 1 0 0 1 1 1 1 0 0 1 0 1 0 0 1 0 0 0 0 0 0 1 0 0 1 1 1 1 1 0 0 1 1 0 1 0 1 0 1 0 1 1 1 1 1 1 1 1 0 0 0 1 1 0 0 0 1 0 0 0 0 1 1 1 0 
0 1 0 0 1 0 0 0 0 0 0 1 1 0 1 0 1 0 1 1 0 0 0 1 1 1 0 1 0 0 1 1 0 0 1 0 1 1 1 0 0 1 1 1 0 1 0 0 0 1 1 1 0 0 1 1 1 1 1 1 1 1 1 0 0 0 0 0 0 0 1 0 0 1 1 0 0 0 1 1 1 1 1 0 1 0 1 1 0 1 0 0 1 0 1 1 1 0 0 0 1 1 1 1 0 0 1 1 1 0 0 1 1 1 0 1 0 0 0 1 0 1 0 0 0 0 0 1 0 0 1 0 0 0 0 0 0 1 1 1 
0 1 0 0 1 0 0 0 0 1 0 1 1 0 1 0 1 0 0 1 1 0 1 1 0 1 0 1 0 0 0 1 0 0 0 0 1 1 0 1 0 0 1 1 0 0 1 0 0 0 0 1 0 0 0 1 1 0 1 1 0 0 1 1 0 0 0 0 0 0 1 0 0 0 1 1 1 1 0 1 1 1 0 0 1 1 1 0 0 1 0 1 0 0 1 1 1 0 1 1 0 1 1 1 0 0 0 1 0 0 0 1 1 1 0 1 0 0 1 1 1 1 1 0 0 1 1 1 0 0 0 1 1 0 0 0 1 0 1 1 
1 1 0 0 1 0 0 1 0 1 0 0 1 1 1 0 1 0 1 1 1 0 0 1 1 1 1 1 1 1 0 1 1 0 1 0 1 1 1 1 1 1 1 0 0 0 0 0 0 1 1 1 0 0 0 1 0 0 1 1 1 1 0 1 1 0 1 0 0 1 0 1 0 0 1 0 0 1 0 1 1 1 1 0 1 0 0 0 0 1 0 1 1 0 0 1 1 0 0 1 1 1 1 1 0 0 1 1 0 0 0 0 1 1 0 1 1 1 0 1 0 0 0 1 1 0 1 0 0 0 1 1 1 1 0 0 1 1 1 1 
1 1 1 0 1 1 1 1 0 1 0 1 1 0 1 1 0 0 1 1 0 0 0 1 0 1 0 1 0 0 0 1 0 0 0 0 1 1 0 0 1 0 1 1 0 0 0 0 0 1 0 1 0 1 0 0 1 0 1 1 1 0 1 1 1 0 0 0 0 1 0 1 1 0 1 0 1 1 1 1 0 1 0 0 1 0 1 1 0 1 0 0 1 0 0 1 1 0 0 1 1 1 1 1 0 0 1 1 0 0 0 1 0 1 0 1 0 0 1 1 0 1 0 0 1 0 1 1 0 0 0 1 0 0 0 0 1 0 1 0 
0 1 0 1 1 0 1 0 0 1 0 0 0 1 1 0 0 0 0 1 0 0 1 0 1 1 0 1 0 1 0 1 0 0 0 0 1 1 0 1 1 1 1 1 0 0 0 0 0 0 1 1 0 1 1 0 0 1 1 0 1 0 0 1 1 0 1 0 0 0 0 0 1 1 1 1 0 0 1 1 0 1 0 0 0 0 1 0 0 1 0 0 1 0 0 0 1 0 0 1 1 0 1 0 0 0 1 1 0 0 0 0 0 1 0 0 0 1 1 0 0 1 1 0 1 0 0 1 0 0 0 1 0 1 0 0 1 1 0 0 
0 1 0 0 1 1 1 1 0 1 0 1 1 0 0 0 1 0 1 1 0 1 0 0 1 1 1 1 1 0 1 0 0 0 1 0 1 0 1 0 0 0 1 1 0 1 0 0 0 0 0 1 1 1 1 0 1 0 1 0 0 0 0 0 1 0 0 0 0 1 0 1 0 0 0 1 0 1 1 1 0 1 0 0 1 1 1 0 0 1 0 0 1 0 1 0 1 0 1 0 1 1 1 1 0 0 1 1 0 1 0 0 0 0 0 1 0 1 1 1 1 1 0 0 1 0 1 1 0 0 1 1 0 0 0 0 0 1 1 1 
0 1 1 1 1 1 0 0 1 1 0 1 1 0 0 0 0 0 1 1 0 0 0 1 1 1 0 1 0 0 0 0 0 0 0 0 1 1 0 0 0 1 1 1 0 1 0 0 1 0 1 1 0 1 0 0 0 1 1 0 0 0 0 1 0 0 0 0 0 0 0 1 0 0 1 1 0 1 1 1 0 1 0 0 1 1 1 1 0 1 0 0 1 0 0 1 1 0 0 0 1 1 0 1 0 0 1 1 0 1 1 1 0 0 0 1 0 0 0 0 0 0 1 0 1 0 1 1 0 0 1 1 1 0 0 0 0 0 1 1 
1 1 0 0 1 0 0 0 1 1 0 1 0 0 0 1 0 0 1 1 1 0 0 0 1 0 1 1 1 1 1 1 0 0 1 1 1 0 0 0 0 0 1 1 0 0 0 0 0 0 1 1 0 1 0 0 0 0 1 1 1 0 1 1 0 1 1 1 0 0 0 1 1 1 1 1 0 0 1 1 1 1 0 0 1 1 1 1 0 0 0 0 0 1 1 1 1 0 0 1 0 1 1 0 0 0 1 1 0 1 0 1 0 1 0 1 0 0 1 1 0 1 1 0 0 0 0 1 0 0 0 1 0 0 0 0 0 1 1 1 
1 1 0 1 1 0 1 1 0 1 0 1 1 1 1 1 0 1 0 1 1 0 0 0 1 1 1 1 1 0 0 1 1 0 1 0 1 0 0 0 0 0 0 1 0 0 0 0 0 1 0 1 1 1 0 0 0 1 1 1 1 1 0 1 0 0 0 1 0 0 0 0 0 1 1 1 0 1 1 1 0 1 0 0 0 1 1 0 0 1 0 0 1 0 1 1 1 0 0 1 1 1 1 1 0 0 0 1 1 0 0 1 0 0 1 1 0 1 1 1 1 1 1 0 0 0 0 1 0 0 0 1 1 0 0 0 0 0 1 1 
0 1 0 0 1 1 0 1 0 1 0 1 0 1 0 0 1 0 0 1 0 1 1 1 1 1 0 1 0 0 0 1 0 1 0 0 1 1 0 0 1 0 1 1 0 1 0 0 1 1 1 1 0 0 1 0 1 1 1 0 1 0 0 0 1 0 0 1 0 0 1 1 1 0 1 1 0 0 1 1 1 1 1 0 1 1 0 0 0 1 0 0 1 1 1 1 1 0 0 1 0 0 1 0 0 0 1 1 0 1 1 1 0 1 0 0 0 1 1 1 0 1 0 0 0 0 0 0 0 0 0 1 0 0 1 0 1 1 1 1 
0 1 0 1 1 0 0 0 0 1 0 1 0 1 0 0 0 1 1 1 0 0 0 1 1 1 0 1 0 1 0 1 0 0 0 1 1 1 1 0 0 0 1 0 0 0 0 0 1 0 1 1 0 1 0 0 0 1 1 0 1 0 0 0 0 0 0 0 0 0 1 0 1 1 1 1 0 0 0 0 0 1 0 1 1 0 0 0 0 1 0 0 1 1 0 1 1 0 0 0 1 1 1 1 0 1 1 1 0 0 0 1 1 1 0 1 0 0 1 1 0 1 1 0 1 0 1 0 0 0 0 1 0 0 0 0 1 0 1 0 
0 1 0 1 1 0 0 0 1 1 0 1 0 1 1 0 1 1 1 0 1 0 1 1 1 1 1 0 0 0 0 1 1 0 1 0 1 1 0 0 1 0 1 1 0 0 0 0 0 0 0 1 0 1 0 0 0 0 1 1 0 1 1 0 1 0 0 0 0 0 0 0 1 0 1 0 0 0 1 1 0 1 0 0 1 1 1 1 0 1 1 1 1 1 1 1 1 0 0 0 0 1 1 1 0 0 1 1 1 1 0 1 0 1 0 0 0 0 1 1 0 1 0 0 0 0 1 1 0 0 1 1 1 0 0 1 0 1 1 0 
0 1 0 1 1 1 0 1 0 1 0 1 0 1 0 0 0 1 1 1 1 1 1 1 1 1 0 1 1 1 0 1 1 0 1 0 1 0 1 1 1 0 1 1 0 0 0 0 0 0 1 1 0 0 0 0 1 1 1 0 1 1 0 1 0 0 0 1 0 0 1 0 1 0 0 1 0 1 1 1 1 1 0 0 1 1 1 0 0 1 1 1 0 0 0 1 1 0 0 1 1 1 1 1 0 0 1 1 0 1 0 1 0 1 0 0 0 1 1 1 1 1 0 1 0 0 1 0 0 0 0 1 1 0 0 0 1 1 1 1 
0 1 0 1 0 0 1 0 0 1 0 1 0 0 1 0 0 1 1 1 0 0 0 1 1 0 0 0 1 0 0 1 1 0 1 0 1 0 0 0 1 0 1 1 0 1 0 0 0 0 0 1 0 0 0 1 0 0 1 1 0 0 0 0 1 1 1 0 0 0 0 0 0 0 1 0 0 0 1 1 1 1 1 0 0 0 1 0 0 1 0 1 1 1 1 0 1 0 0 1 1 1 1 1 0 0 0 1 0 0 0 1 0 1 0 1 0 1 1 0 1 1 0 0 0 0 1 1 0 0 1 1 1 0 0 0 1 1 1 1 
1 1 0 1 1 0 1 1 0 0 0 1 1 1 1 1 0 0 1 1 0 0 0 0 1 1 0 1 1 0 0 0 0 0 1 0 1 0 0 0 0 0 1 1 0 0 0 0 1 0 1 1 1 1 0 1 0 0 1 0 1 1 1 1 1 0 0 0 0 0 0 0 0 1 0 1 0 1 1 1 0 1 0 0 1 1 1 0 0 1 0 0 1 0 1 1 1 0 0 1 1 0 1 0 0 0 0 1 1 0 0 1 0 1 0 0 0 1 1 1 1 1 0 0 1 0 0 1 0 0 0 1 1 1 0 0 0 1 1 1 
1 1 0 0 1 0 1 0 0 1 0 1 0 0 1 1 0 0 1 1 0 0 0 1 1 1 1 0 0 1 0 1 0 0 1 0 1 1 1 0 0 0 1 1 0 0 0 0 1 0 1 1 1 1 0 0 1 1 1 1 1 0 1 0 1 0 0 0 0 0 0 0 0 0 1 0 0 0 0 1 0 1 0 0 0 1 1 1 0 1 0 0 0 0 1 0 1 0 0 1 0 1 0 1 0 0 1 1 0 1 0 1 1 0 0 1 0 0 1 0 0 1 0 1 1 0 0 1 0 0 1 1 0 0 0 0 0 0 1 0 
0 1 0 0 1 0 0 1 0 1 0 1 1 1 0 0 1 0 0 1 1 1 0 1 1 1 1 1 1 0 0 1 1 0 0 0 1 1 0 0 1 0 1 1 0 0 0 0 0 0 1 1 0 0 1 0 0 0 1 0 1 0 1 0 0 0 1 0 1 0 1 1 0 0 0 1 0 1 1 1 0 1 1 0 0 1 1 0 0 0 0 0 0 0 0 1 1 0 0 0 0 1 1 0 0 0 1 1 0 0 0 1 0 0 0 1 0 0 1 0 0 1 0 1 1 0 0 0 0 0 1 1 0 1 0 0 1 1 1 1 
0 1 0 1 1 0 0 1 0 1 0 1 0 0 0 0 1 0 1 1 0 1 0 1 1 1 1 1 0 1 0 0 0 0 0 0 1 0 1 0 1 1 1 1 0 0 0 0 1 1 0 1 1 1 1 1 0 1 1 0 1 0 1 1 0 0 0 0 0 0 0 1 1 1 1 0 1 1 1 1 1 1 0 0 1 1 0 1 0 1 0 0 0 0 0 1 1 0 0 1 0 1 1 0 0 0 1 1 1 1 0 1 0 1 0 0 0 1 1 1 0 1 0 0 1 0 1 1 0 1 1 0 1 1 1 0 0 1 1 0 
0 1 0 1 1 0 0 0 1 1 0 0 1 0 0 1 1 0 1 1 1 1 0 0 1 0 0 0 1 0 0 1 0 0 1 1 1 1 1 0 1 0 1 1 0 0 0 0 1 0 1 1 0 1 1 1 0 1 1 0 1 0 1 1 1 1 1 0 1 0 0 1 1 0 1 0 0 1 1 1 0 1 1 0 0 1 1 1 0 1 0 0 0 1 0 1 1 0 0 0 1 1 1 1 0 0 1 1 0 1 0 1 0 1 0 0 0 0 1 1 1 1 0 0 0 0 1 0 0 0 1 1 0 0 0 0 1 1 1 0 
0 1 0 0 1 0 1 0 1 1 0 1 1 0 1 0 1 1 1 1 1 0 0 1 1 1 0 0 1 0 0 1 0 0 1 1 1 0 1 0 1 0 1 0 0 0 0 0 1 0 1 1 1 0 1 0 0 0 1 0 1 0 0 1 0 0 1 0 0 0 1 1 0 0 1 1 0 1 1 1 0 1 1 0 1 0 1 1 0 1 0 1 0 1 0 0 1 0 0 1 0 1 1 0 0 0 1 1 0 0 0 1 0 0 0 0 0 1 1 1 0 1 0 0 1 0 0 1 0 0 0 1 1 0 0 0 1 1 1 0 
0 1 0 0 1 0 0 1 1 1 0 1 0 0 0 1 1 0 1 1 1 1 1 1 1 1 1 1 0 0 0 0 1 0 1 1 1 1 0 0 0 1 1 1 0 0 0 0 0 1 1 1 1 0 0 0 0 1 0 0 0 1 1 1 1 0 1 0 0 1 0 0 0 0 1 1 0 1 1 1 0 1 0 0 1 1 1 1 0 1 0 0 0 1 0 1 1 0 0 1 1 1 1 1 0 0 1 1 1 1 0 1 0 1 0 0 0 1 1 1 1 1 1 0 1 0 1 0 0 0 1 1 0 1 0 1 0 0 1 1 
0 1 0 1 1 1 0 0 0 1 0 1 1 0 0 0 0 0 1 1 0 0 1 1 1 1 1 1 1 0 0 1 0 0 0 0 1 1 1 0 0 1 1 1 0 0 0 0 1 0 1 1 0 1 0 1 0 1 1 1 1 1 0 1 0 0 0 0 0 0 1 1 1 0 1 0 0 1 1 1 1 1 0 0 1 1 1 0 0 1 0 0 0 1 0 1 1 0 0 1 0 1 0 1 0 0 1 1 0 0 1 1 0 0 0 1 0 0 1 1 0 1 0 0 0 0 1 0 0 0 1 1 1 1 0 0 1 0 1 1 
0 1 0 0 1 0 0 1 0 1 0 1 0 1 1 0 0 1 0 1 1 1 1 0 1 1 1 1 1 1 0 0 0 0 0 0 1 1 1 0 1 0 1 1 0 0 0 0 0 0 1 1 0 1 1 0 1 0 1 1 1 0 1 0 0 0 0 0 0 1 0 0 0 0 1 1 1 0 1 1 1 1 1 1 1 1 1 0 0 0 0 1 1 0 0 0 0 0 0 1 0 1 0 1 0 0 1 1 0 0 0 1 0 1 0 1 0 0 1 1 0 1 0 1 0 0 1 0 0 0 1 1 1 0 0 0 1 1 1 1 
1 1 1 1 0 1 1 0 0 0 0 0 1 0 1 0 0 1 1 1 0 0 0 1 1 1 1 1 0 0 1 1 0 0 0 0 1 1 0 0 1 1 1 1 0 1 0 0 1 0 0 1 0 0 0 1 0 0 0 1 1 1 0 0 0 0 1 0 0 0 1 0 1 0 1 0 0 1 1 1 0 1 1 0 1 1 0 1 0 1 0 1 1 0 0 1 1 0 0 1 0 1 1 0 0 0 1 1 1 0 0 0 1 0 0 0 0 1 1 1 0 1 0 0 1 0 1 1 0 0 1 1 1 0 0 1 0 1 1 0 
0 1 0 0 1 1 0 0 1 1 0 1 1 1 1 0 1 1 1 1 0 1 1 1 1 1 0 0 1 1 0 1 0 0 0 0 1 0 1 0 0 1 1 1 0 0 1 0 0 1 1 1 0 1 1 1 0 0 1 0 0 0 0 1 0 0 0 0 0 0 1 1 0 1 1 1 0 1 1 1 1 1 0 0 0 0 1 1 0 1 0 1 0 0 0 1 1 0 0 0 1 1 1 1 0 0 1 1 0 1 1 1 0 1 0 0 1 0 1 1 1 1 1 0 0 0 1 1 0 0 1 1 1 0 0 0 0 0 1 1 
0 1 0 0 1 0 0 0 0 1 0 0 0 1 1 1 1 1 1 1 1 1 0 1 1 1 0 1 0 0 0 1 0 0 0 0 1 1 0 0 0 1 1 1 0 1 1 0 0 0 1 1 0 0 0 0 0 0 0 1 0 1 0 0 0 0 0 0 0 0 0 0 1 0 1 1 0 1 1 1 0 1 1 0 1 1 1 0 0 1 0 1 0 0 0 1 1 0 0 0 1 1 1 1 0 0 1 1 1 0 0 1 1 0 0 0 1 1 0 1 1 1 0 0 1 0 0 0 0 0 1 1 1 1 0 0 0 0 1 1 
0 1 1 1 1 0 0 1 0 1 0 1 1 0 0 0 1 0 1 1 0 0 0 1 1 1 0 1 1 0 0 1 0 0 0 0 1 1 1 0 1 1 0 0 0 0 0 0 1 1 1 1 0 1 0 0 1 1 1 0 1 0 0 0 0 1 0 1 0 0 1 1 0 0 0 0 0 1 1 1 1 1 1 0 1 1 0 0 0 1 0 0 0 0 1 1 1 0 0 0 1 1 1 0 0 0 0 1 0 0 0 0 0 1 0 0 0 1 1 0 1 1 0 0 1 0 0 1 0 0 1 1 1 0 0 0 1 1 1 1 
0 1 0 0 1 1 0 1 0 1 0 1 1 0 1 0 1 0 1 1 1 1 0 1 1 0 0 0 0 0 0 0 1 0 1 0 1 1 1 0 0 1 0 1 0 1 0 0 1 0 1 1 1 1 0 1 0 0 1 1 1 0 1 1 1 1 0 1 0 0 0 1 0 0 1 1 0 0 1 0 1 1 0 0 0 0 1 1 0 1 0 1 1 1 0 1 1 0 0 0 0 1 1 1 0 0 1 1 1 0 0 1 1 1 0 0 1 1 1 1 0 1 0 0 1 0 0 1 0 0 0 1 0 1 0 0 1 1 1 1 
0 1 0 1 1 1 0 1 0 1 0 0 1 0 1 1 1 0 0 1 1 0 0 0 1 0 0 1 1 0 0 1 0 0 0 0 1 0 1 0 0 1 1 1 0 1 0 0 0 0 1 0 0 1 0 0 0 1 1 1 1 0 1 1 1 1 0 0 0 0 0 1 0 1 0 1 0 1 1 1 0 1 1 0 1 1 1 0 0 1 0 1 1 0 0 0 1 0 1 0 0 1 1 1 0 0 1 1 0 1 0 1 0 0 0 1 1 0 1 1 0 1 0 0 1 0 1 1 0 0 1 1 1 0 0 1 0 1 0 1 
0 1 0 0 1 0 1 1 0 1 0 1 1 0 1 0 0 0 1 1 0 0 1 1 1 1 1 1 1 1 0 1 0 0 1 1 1 1 0 0 1 1 1 1 0 1 0 0 0 1 0 1 0 1 1 0 1 0 1 0 0 1 0 1 0 0 0 0 0 0 0 1 0 0 0 0 0 1 1 1 0 1 0 0 0 1 0 1 0 1 0 1 1 1 0 1 1 0 0 1 0 1 1 1 0 0 1 1 0 0 0 1 0 0 0 1 0 0 1 1 0 1 1 1 1 0 1 1 1 0 1 1 1 1 0 0 1 1 1 0 
0 1 0 0 1 0 1 1 0 1 0 0 0 0 0 0 1 0 0 1 1 0 0 0 1 1 1 1 0 1 1 1 1 0 1 0 1 1 0 1 1 0 1 1 1 0 0 0 0 0 1 1 0 0 1 0 1 1 0 1 1 0 0 1 0 1 0 0 0 0 0 1 0 0 0 1 0 1 1 1 1 1 0 0 0 1 0 0 0 1 0 1 0 0 0 1 1 0 0 0 1 1 1 0 0 0 1 1 0 0 1 1 0 0 0 0 0 1 1 0 0 1 0 0 1 0 0 0 0 0 0 1 0 0 0 0 0 1 1 1 
0 1 0 1 1 1 1 1 0 1 0 1 1 1 0 0 0 0 1 1 1 0 0 1 1 0 0 0 0 0 1 1 0 0 1 0 1 1 0 0 1 0 1 1 0 0 0 0 0 1 1 1 0 1 0 0 0 1 1 1 1 0 1 0 0 1 1 0 0 0 0 0 1 0 0 1 0 0 1 1 0 1 0 0 1 1 1 1 0 1 0 1 1 1 1 1 1 0 0 0 1 1 1 1 0 0 0 0 0 1 0 1 0 0 0 0 0 1 1 0 1 1 0 0 0 0 0 1 0 0 1 1 1 0 0 0 0 0 1 0 
1 1 0 1 1 1 1 0 0 0 0 1 1 0 0 1 0 0 1 0 0 1 0 1 1 0 1 1 1 0 1 1 1 1 0 0 1 0 0 0 0 1 1 1 0 0 0 0 1 0 0 1 1 0 1 0 1 1 0 1 0 1 0 1 1 0 0 0 0 0 0 1 0 0 0 1 0 1 1 1 1 1 0 0 1 1 1 0 0 0 0 0 0 0 0 1 1 0 0 1 1 0 1 1 0 0 1 0 1 0 0 1 1 1 0 1 0 0 1 1 0 1 0 0 1 0 1 1 0 0 0 1 0 0 0 0 1 1 1 1 
0 1 0 1 1 0 0 0 0 1 0 1 0 1 1 1 1 1 1 1 1 0 0 0 1 1 1 1 1 0 0 1 0 1 0 1 1 1 1 0 1 0 1 1 0 0 1 0 0 1 0 1 0 0 1 0 0 1 1 1 1 0 0 0 1 0 1 1 0 0 1 0 0 0 1 1 0 1 1 1 1 1 0 0 0 1 1 0 0 1 0 1 0 1 0 1 1 0 0 0 1 1 1 0 0 0 1 1 0 0 0 1 0 1 0 1 0 0 1 1 1 1 0 0 0 0 0 1 0 0 1 1 0 0 0 1 1 1 0 1 
1 1 0 1 1 0 0 1 0 1 0 1 1 1 0 0 1 0 0 1 1 1 0 1 1 1 0 1 1 1 0 1 0 1 1 0 0 0 1 0 0 1 1 1 1 1 0 0 1 0 1 1 0 0 1 0 0 1 1 0 0 0 1 1 0 1 1 0 0 0 0 0 0 0 0 0 1 1 1 1 1 1 1 0 1 1 1 1 0 1 0 0 0 0 1 1 1 0 0 1 1 1 1 0 0 0 1 1 0 0 0 1 0 1 0 1 1 1 1 0 1 1 0 0 0 0 1 0 0 0 1 1 1 0 0 0 1 0 1 1 
1 1 0 0 1 0 0 1 1 1 0 1 0 0 0 0 1 0 1 1 1 1 1 1 1 0 1 0 1 0 0 1 0 0 0 1 1 1 1 1 1 1 1 1 0 0 1 0 0 1 1 1 1 0 1 1 1 0 1 1 0 1 0 0 0 0 0 0 1 0 0 0 0 0 1 1 0 1 1 1 0 1 1 0 1 1 1 0 0 1 0 1 1 1 0 0 1 1 0 0 1 1 1 1 0 0 1 1 1 0 0 1 0 1 0 0 1 0 1 1 1 1 0 0 1 0 0 1 0 1 0 1 0 1 0 0 1 1 1 1 
0 1 0 0 1 0 1 1 0 1 0 1 1 0 0 0 1 0 1 1 0 1 0 0 1 0 1 1 0 1 0 0 1 0 0 0 1 1 0 1 0 0 1 1 0 0 0 0 1 1 0 1 0 1 0 0 0 0 1 0 1 0 0 1 0 0 1 0 0 1 0 1 1 0 1 0 0 1 1 1 0 1 1 0 1 0 0 0 1 1 0 0 1 0 0 1 1 0 0 1 1 1 1 0 0 0 1 1 0 0 0 1 0 0 0 0 0 1 1 1 0 1 0 1 1 0 0 0 0 0 0 1 0 0 0 0 0 1 1 1 
0 1 0 1 1 0 0 0 0 1 0 1 1 0 1 0 1 1 1 1 1 0 0 0 1 1 0 1 1 0 0 1 1 0 0 0 1 1 0 1 0 1 1 1 0 1 0 0 0 0 0 1 1 0 0 0 0 1 1 1 1 0 0 0 0 0 0 0 0 1 1 0 0 1 1 1 0 0 1 1 0 1 1 0 1 0 0 1 0 1 0 1 0 1 1 1 1 0 0 0 1 1 1 1 0 0 1 1 0 0 0 1 0 0 0 1 0 1 1 1 1 1 0 1 0 0 1 1 0 0 0 1 1 1 0 1 1 1 1 1 
0 1 0 0 0 1 0 0 0 1 0 1 1 0 1 0 1 0 1 1 0 0 0 1 1 1 0 1 0 0 0 1 0 0 0 0 1 0 0 0 1 0 0 1 0 0 0 0 0 0 1 1 0 1 1 1 0 1 1 1 0 0 0 0 0 0 0 1 0 0 1 0 1 1 0 1 0 1 1 1 0 1 0 1 1 1 1 1 0 1 0 1 0 1 0 1 1 0 0 1 1 1 1 1 0 0 1 1 0 0 0 1 0 0 0 0 1 1 1 1 0 1 0 0 0 0 0 0 0 0 0 1 0 0 0 0 0 1 1 1 
0 1 0 0 1 0 0 1 0 1 0 1 1 1 0 1 1 0 1 1 1 0 0 1 1 0 0 1 1 0 0 1 0 1 1 0 1 1 1 0 1 0 1 1 0 1 0 0 0 1 1 1 0 1 1 0 0 1 1 1 1 0 0 0 0 0 0 0 0 0 0 1 0 0 1 1 0 0 1 1 1 1 0 0 0 1 1 1 0 1 0 1 0 0 0 0 1 0 1 0 0 1 1 1 0 0 1 1 0 1 0 1 0 1 0 1 0 0 1 0 0 1 0 0 1 0 0 1 0 0 1 0 0 1 0 0 0 1 1 1 
0 1 0 1 1 0 1 0 0 1 0 0 1 0 1 0 1 0 1 1 0 0 0 1 1 0 0 1 1 1 0 1 0 1 1 0 1 1 0 0 0 1 1 1 0 0 0 0 1 0 1 1 1 0 0 1 0 0 1 1 1 1 1 0 0 1 1 1 0 0 1 1 1 1 0 0 0 0 1 1 0 1 0 0 1 0 1 0 0 1 0 1 1 1 0 1 1 0 0 1 1 1 1 1 0 0 1 1 0 1 0 1 0 1 0 1 0 1 0 1 0 1 0 0 0 0 0 1 0 1 0 1 1 0 0 0 1 0 1 0 
0 1 0 1 1 1 1 0 0 1 0 1 0 1 1 1 1 1 1 1 1 0 0 1 1 0 1 1 1 0 1 0 0 0 1 1 1 1 1 0 0 0 0 1 0 0 0 0 1 1 1 1 0 0 0 1 0 1 1 1 1 1 0 0 0 0 0 0 0 0 0 0 1 0 0 0 0 0 1 1 0 1 0 0 1 1 1 0 0 1 0 1 0 1 0 1 1 0 1 1 0 1 1 1 0 0 1 1 0 1 0 0 0 0 0 1 0 0 1 1 1 1 0 0 0 0 0 0 0 0 0 1 1 0 0 0 1 0 1 1 
0 1 0 0 1 0 0 1 0 1 0 1 0 0 1 0 0 1 1 1 1 1 0 1 1 1 1 1 0 1 0 1 0 0 1 1 1 1 0 0 0 0 1 0 0 0 0 0 0 0 1 1 1 1 0 1 1 0 0 0 1 0 1 0 0 0 0 0 0 1 0 0 1 0 1 0 0 0 1 1 0 1 1 0 1 0 1 0 0 1 0 0 1 1 0 1 1 0 0 0 0 1 1 1 0 0 0 1 0 0 0 1 0 1 0 0 0 0 1 1 0 1 0 0 0 0 0 0 0 0 1 1 1 1 0 0 0 1 1 1 
0 1 0 0 1 0 0 1 0 1 0 1 0 1 0 0 1 1 1 0 1 0 1 1 0 0 0 1 0 1 0 1 0 0 1 0 1 0 0 0 0 1 1 1 0 0 0 0 0 1 0 1 0 1 1 1 0 1 1 1 1 1 0 1 0 1 1 0 0 1 0 1 1 1 1 0 0 1 1 1 0 1 1 0 0 1 0 0 0 1 0 0 0 0 0 1 1 0 0 1 0 1 1 1 0 0 1 1 0 1 0 1 0 1 0 0 1 1 1 0 0 1 0 0 0 0 0 1 0 0 1 1 1 0 0 0 0 1 1 0 
1 1 0 0 1 0 0 1 1 1 0 1 1 0 1 1 0 1 1 0 1 0 1 1 1 1 0 0 0 0 0 1 0 0 1 1 1 1 0 0 0 1 1 1 1 0 0 0 0 0 1 1 0 1 1 0 0 0 1 0 0 1 0 0 0 0 1 1 0 1 1 0 1 0 1 1 0 1 1 0 1 1 1 0 0 1 1 1 0 1 0 1 0 0 1 1 1 0 0 1 1 1 1 0 0 0 1 1 0 0 0 1 0 1 0 0 0 1 1 1 0 1 0 0 0 0 1 1 0 0 0 1 1 0 1 0 1 1 1 1 
0 1 0 0 1 0 0 1 0 1 0 1 1 0 0 0 1 1 1 1 0 0 0 0 1 1 1 0 1 0 0 1 0 0 0 0 1 1 0 0 1 1 0 1 0 0 0 1 0 0 1 1 0 0 1 1 1 0 0 0 0 1 0 0 0 1 0 0 0 0 0 0 1 0 1 0 0 1 0 1 0 1 1 0 1 1 1 0 0 1 0 1 0 1 0 1 1 0 1 0 0 0 1 1 0 0 1 1 0 0 0 1 1 1 0 0 1 0 1 0 0 1 0 0 1 0 0 1 0 0 0 0 0 1 0 0 1 1 1 1 
0 1 0 0 1 1 1 0 1 1 0 0 0 0 1 0 1 0 1 1 1 1 0 1 1 1 0 1 1 1 0 1 0 0 1 0 1 1 0 0 1 1 1 1 0 0 0 0 1 0 1 1 1 1 0 0 1 0 1 0 1 0 1 0 1 0 1 0 0 0 0 0 1 1 1 1 1 0 1 1 1 1 1 0 1 0 1 1 0 1 0 0 0 1 0 1 1 0 0 0 0 1 1 1 0 0 0 1 0 0 0 1 0 1 0 0 1 0 0 1 0 1 1 0 0 0 0 0 0 0 1 1 1 0 0 0 1 1 1 1 
0 1 0 1 0 1 1 1 0 0 0 1 0 1 1 0 0 0 0 1 0 0 0 1 1 1 1 1 0 1 0 1 0 0 0 0 1 1 0 0 1 1 1 1 0 0 1 0 0 0 0 1 0 0 0 0 1 1 1 0 1 1 1 0 0 0 0 0 0 0 1 0 0 0 1 1 0 1 1 1 0 1 1 0 1 1 1 0 0 1 0 0 1 1 0 1 1 0 0 1 0 0 1 0 0 0 0 1 1 0 0 1 0 0 0 0 0 0 0 1 1 1 0 0 1 0 0 1 0 0 1 1 0 1 1 0 0 1 1 1 
1 1 1 0 1 0 0 1 0 1 0 1 1 1 1 1 1 0 1 1 0 0 1 0 1 1 1 1 1 0 1 0 0 0 1 0 1 1 1 0 0 0 1 1 0 0 0 0 0 1 0 1 0 0 0 0 0 1 1 0 1 1 1 0 0 0 0 0 0 0 0 1 1 0 1 1 0 1 1 1 1 1 1 1 1 0 0 0 0 1 0 0 1 1 0 1 1 0 0 0 0 1 1 1 0 0 1 1 1 0 0 0 0 1 0 1 1 1 1 1 0 1 0 0 0 0 1 0 0 0 0 0 1 0 0 0 0 1 1 1 
0 1 0 1 0 0 1 0 0 1 0 1 1 0 1 0 0 0 1 1 1 0 0 1 1 0 1 1 0 0 1 0 0 0 1 0 1 1 0 0 0 0 1 1 0 0 0 0 0 1 0 1 1 1 0 0 1 1 0 0 1 0 1 0 1 1 1 0 0 1 1 0 1 1 1 0 0 0 0 1 0 1 1 0 1 0 1 0 0 1 0 1 0 0 0 1 1 0 0 0 1 1 1 1 0 0 1 1 0 0 0 1 0 1 0 1 0 1 1 0 0 1 1 0 0 0 1 0 0 0 0 1 0 1 0 0 0 0 1 1 
1 1 0 0 1 1 0 0 1 1 0 1 1 1 1 0 1 0 0 1 1 1 0 0 1 0 0 1 0 0 0 1 0 0 1 1 1 0 1 0 1 0 1 1 0 1 0 0 1 0 0 1 0 0 0 1 1 0 1 1 0 1 1 1 0 0 0 1 0 0 0 1 0 0 0 0 0 1 1 1 1 1 0 0 1 1 0 1 0 0 0 0 1 1 1 1 1 0 0 1 0 1 1 1 0 0 1 1 0 1 0 0 0 0 0 0 0 1 1 1 0 1 1 0 1 0 1 1 0 0 0 1 1 0 0 0 1 0 1 1 
1 1 1 0 0 0 0 0 0 1 0 1 0 1 1 0 0 1 1 1 1 0 0 0 1 1 1 1 1 1 0 0 0 0 0 0 1 1 1 0 1 1 1 1 0 0 0 0 0 1 1 1 1 1 0 1 0 0 1 0 1 0 0 1 1 1 1 0 0 0 0 1 0 0 1 1 0 0 1 1 0 1 1 0 1 0 1 1 0 1 0 0 0 1 0 1 1 0 0 0 1 1 1 1 0 0 1 1 1 1 0 1 0 1 0 1 0 0 1 1 1 1 0 1 1 0 0 1 0 0 1 1 1 0 0 0 1 0 0 1 
1 1 0 1 1 1 0 0 0 1 0 1 1 0 0 0 1 0 0 1 0 1 1 0 1 1 1 1 1 1 0 1 0 0 1 0 1 1 1 0 1 0 1 1 0 0 0 0 1 1 0 1 1 1 0 1 1 1 1 0 1 0 0 1 1 0 1 0 0 1 0 0 0 0 0 1 0 0 1 1 1 1 1 0 0 1 1 1 0 1 0 1 1 1 0 0 1 0 0 1 0 1 1 1 0 0 1 1 1 0 0 1 1 1 0 0 0 1 1 1 0 1 0 0 0 0 1 1 0 0 0 1 1 0 0 0 0 0 1 1 
1 1 0 0 1 1 1 1 1 1 0 0 1 0 1 0 0 0 1 1 1 0 1 1 1 0 1 1 1 1 0 1 0 0 0 0 1 0 1 0 0 0 1 1 0 1 0 0 1 1 1 1 0 1 0 0 0 1 0 1 0 1 0 0 0 0 1 1 0 0 0 0 0 0 1 0 0 1 0 1 0 1 0 0 1 1 1 1 0 1 0 0 1 0 1 1 1 0 0 0 1 1 1 1 0 0 0 1 1 1 0 1 0 0 0 1 0 0 1 1 1 1 1 0 1 0 0 1 0 0 1 1 0 0 0 0 0 1 1 0 
0 1 0 0 1 0 1 0 0 1 0 1 0 1 1 0 0 0 1 1 0 0 1 1 0 1 1 1 0 0 0 1 0 0 1 0 1 0 1 0 1 1 1 1 0 1 0 0 0 0 0 1 0 0 1 1 1 0 0 1 1 1 1 1 0 0 1 0 0 0 1 0 0 1 1 0 1 0 0 1 1 1 0 0 0 0 1 1 0 1 0 1 0 0 1 1 1 0 0 1 1 1 1 1 0 0 1 1 0 0 0 0 1 1 0 1 0 0 1 0 1 1 0 0 1 0 1 1 0 0 1 1 1 0 0 0 1 1 1 0 
0 1 0 0 1 0 0 0 0 1 0 1 0 0 1 0 1 1 0 1 0 0 1 1 1 1 1 1 0 0 0 1 0 1 0 0 1 1 1 0 1 1 1 0 0 0 0 0 1 1 0 1 1 1 1 0 0 0 1 1 1 0 0 1 0 0 1 0 0 0 1 1 1 0 1 1 0 0 1 1 0 1 0 0 0 1 1 0 0 0 0 0 0 0 1 1 1 0 0 0 1 0 1 1 0 0 1 1 0 0 0 1 0 1 0 1 0 1 1 1 0 1 0 0 1 0 0 1 0 0 1 1 1 0 0 0 0 1 1 1 
0 1 0 0 1 0 1 0 0 1 0 1 1 1 1 0 1 1 1 1 0 0 0 1 1 1 1 1 1 0 0 1 0 0 0 0 1 1 1 1 1 1 1 0 0 0 0 0 1 0 1 1 0 0 1 1 1 1 0 0 1 0 0 0 1 0 0 0 0 0 0 1 0 1 1 0 0 1 0 1 0 1 1 0 0 0 1 0 0 1 0 1 1 1 0 0 1 0 0 0 0 1 1 0 0 0 0 1 0 0 0 1 1 1 0 0 0 0 1 1 0 1 0 0 1 0 1 1 0 0 0 1 1 1 0 0 0 1 1 0 
1 1 0 1 1 0 1 1 0 1 0 1 1 0 1 0 1 1 1 1 1 1 0 1 1 1 0 1 0 1 1 1 0 0 0 0 1 1 1 0 0 0 1 1 0 1 0 0 0 0 1 1 1 0 1 1 0 0 1 1 1 0 1 0 1 0 1 0 0 1 1 1 0 1 1 0 0 1 1 1 1 1 0 1 0 0 1 1 0 0 0 1 1 1 0 1 1 0 0 0 1 0 1 1 0 0 1 1 1 0 0 1 0 1 0 0 1 0 1 1 1 1 0 0 1 0 0 0 0 0 0 1 0 0 0 0 1 0 1 1 
1 1 0 0 1 0 0 1 0 1 0 0 0 0 0 1 1 1 1 1 0 0 1 0 1 0 1 1 1 0 0 1 0 0 0 0 1 0 1 1 0 1 1 0 0 1 0 0 0 0 0 0 0 1 1 1 0 0 1 1 1 0 1 1 0 1 1 1 0 0 1 1 0 0 1 0 0 1 1 1 0 1 1 0 1 1 1 1 0 1 0 0 1 1 0 1 1 0 0 1 0 1 1 1 0 1 0 1 0 1 1 0 0 1 0 0 1 0 1 0 1 1 0 0 1 0 1 0 0 0 1 1 1 0 0 0 0 1 1 1 
0 1 0 1 1 1 1 0 0 1 0 1 0 1 0 0 1 0 0 1 0 1 1 1 1 1 0 1 0 0 0 1 0 0 1 0 1 1 0 1 1 0 1 1 0 0 0 0 0 0 1 1 0 0 0 0 0 1 1 1 0 1 0 1 1 1 1 0 0 0 1 1 1 1 1 0 0 1 1 0 0 1 0 0 0 1 1 0 0 1 0 0 0 1 0 1 1 0 0 1 1 1 1 1 0 0 1 1 0 1 0 1 0 1 0 1 1 0 1 1 1 1 0 0 1 0 0 1 0 1 0 1 0 1 0 0 0 0 1 0 
1 1 0 0 1 0 1 0 0 1 0 1 1 1 0 0 1 1 0 1 0 0 0 1 1 1 1 1 1 0 0 1 0 0 1 0 0 0 1 0 0 1 1 0 0 0 0 0 0 0 1 1 1 1 0 1 1 0 1 0 0 1 0 0 0 0 0 0 0 0 0 0 0 0 1 0 0 1 1 1 0 1 0 1 1 1 1 1 0 1 0 1 0 0 1 1 1 0 0 1 0 1 1 0 0 0 0 1 1 1 0 1 0 1 0 1 1 0 1 0 0 1 0 0 0 0 1 1 0 0 0 1 0 0 0 0 1 1 1 1 
