160 160
54 137 12 38 125 33 41 95 80 18 51 71 47 102 7 89 124 132 65 86 2 79 34 47 35 36 40 76 78 103 139 144 143 78 88 89 110 91 70 53 156 51 155 104 104 112 27 69 33 59 92 8 129 40 93 54 139 59 129 135 116 60 65 25 124 115 134 45 5 156 74 57 52 146 126 48 106 33 38 93 66 103 148 31 31 143 37 27 41 107 107 53 84 14 68 38 108 70 96 93 126 37 88 156 110 151 23 39 149 133 4 88 135 30 90 14 91 1 77 72 25 61 63 104 39 153 11 129 81 123 144 36 159 24 157 90 130 101 66 97 146 10 124 60 57 71 75 141 133 86 17 79 113 104 87 59 72 150 101 8 
91 124 112 72 151 104 144 78 67 93 68 151 26 108 91 126 139 78 81 9 132 119 159 82 71 99 124 91 20 148 77 66 91 92 154 36 11 147 91 3 97 67 124 65 40 58 64 40 65 141 27 102 57 94 16 20 25 51 68 22 3 104 12 55 39 79 137 107 18 36 117 114 32 134 12 89 27 101 71 83 20 73 107 24 128 155 123 38 23 38 67 154 5 105 133 99 2 124 19 151 156 127 24 125 61 17 95 155 119 69 98 143 155 137 13 84 149 111 10 85 77 45 154 1 108 6 103 64 88 27 93 71 121 138 33 63 159 42 72 106 89 19 56 99 40 101 58 16 34 117 93 10 11 23 159 73 65 136 90 33 
-1
0 1 1 1 0 0 0 1 1 1 1 1 0 0 1 1 0 1 0 0 1 1 1 0 0 0 1 1 0 1 0 0 0 1 1 1 0 1 0 1 1 0 1 0 1 0 0 0 1 1 1 0 1 1 1 1 1 0 1 1 0 1 0 0 1 0 0 1 1 1 1 1 0 1 0 1 1 0 1 0 0 1 0 0 0 1 0 1 1 0 0 0 0 0 1 0 0 1 0 1 0 1 1 1 1 0 0 0 1 1 1 1 0 1 1 0 0 0 0 1 0 1 1 0 0 0 1 1 1 1 0 1 1 0 1 0 0 1 1 0 0 0 0 0 0 0 0 0 0 1 0 0 1 1 1 1 1 0 1 0 
0 1 0 0 1 1 0 1 1 0 0 1 1 0 0 0 0 1 0 0 1 1 0 0 1 0 1 0 1 1 1 0 0 0 1 1 1 1 1 0 1 1 1 0 1 1 0 1 1 1 1 0 1 1 0 1 1 0 1 1 0 0 0 0 1 0 0 1 0 0 0 0 1 1 0 0 0 0 0 1 1 1 1 1 0 0 1 0 1 0 1 0 0 0 0 0 0 1 0 1 0 1 0 1 1 0 1 1 1 1 0 0 0 1 0 0 1 0 0 1 1 0 1 1 0 1 0 0 0 1 0 0 0 0 1 0 1 1 0 0 0 1 1 0 0 0 0 1 0 1 1 0 1 0 0 0 0 1 1 0 
0 0 1 0 1 0 0 1 1 0 1 1 1 0 0 1 0 0 0 1 1 0 0 0 0 0 1 0 1 1 1 0 0 1 0 1 1 0 1 1 0 0 0 0 1 0 0 0 0 1 1 1 0 1 0 1 0 0 1 1 1 0 0 0 1 0 0 1 0 0 0 0 1 1 0 0 0 0 1 1 0 1 1 0 1 1 0 0 1 0 1 0 1 0 1 1 0 1 1 0 1 1 1 0 1 0 1 1 1 1 0 0 0 1 1 0 0 0 0 1 0 1 1 1 0 1 1 1 1 1 0 1 1 1 0 0 1 1 1 0 1 1 0 0 0 0 0 1 1 1 0 1 0 0 0 1 0 0 0 1 
1 0 1 1 0 1 1 1 1 0 1 1 0 0 0 0 0 1 0 0 1 0 0 0 0 1 1 1 1 1 0 0 0 1 0 1 0 1 0 1 0 0 0 0 1 0 0 1 0 0 1 1 1 0 1 1 0 0 1 1 0 0 0 0 0 0 0 1 0 1 1 1 1 1 0 0 0 0 0 1 1 1 1 0 0 0 0 0 1 0 0 0 1 0 1 0 0 1 1 1 0 1 1 1 1 0 0 1 1 0 0 1 1 0 1 0 0 0 0 1 1 1 1 0 1 0 1 0 0 1 0 1 1 1 1 0 1 0 1 0 1 1 1 1 1 0 1 0 0 1 0 0 1 0 1 1 0 0 0 1 
0 0 1 0 1 1 0 1 1 0 1 1 1 1 0 1 0 1 0 0 1 0 1 0 0 1 1 1 1 1 0 1 0 1 0 1 1 1 1 1 1 0 1 0 1 0 0 0 1 0 1 1 1 1 0 0 0 0 1 1 0 1 0 0 1 0 0 1 1 1 0 0 0 1 0 0 0 0 1 1 0 1 1 1 0 1 1 0 0 0 1 0 0 0 0 1 0 0 1 1 0 1 0 0 1 0 1 1 1 0 1 0 1 0 0 0 0 0 0 1 1 1 1 0 0 0 0 0 0 1 0 1 1 0 1 1 1 1 0 0 0 0 0 0 1 0 0 1 1 1 1 0 0 0 1 0 0 1 0 1 
0 1 1 0 0 0 0 1 1 0 0 1 0 0 1 1 0 1 0 0 0 1 0 1 0 0 1 1 1 1 1 0 0 1 0 1 1 1 1 1 0 0 1 0 1 0 0 0 1 1 1 1 1 1 1 0 1 0 0 1 1 0 0 0 1 0 1 0 1 0 1 1 1 1 0 0 0 0 0 1 1 1 0 1 1 0 0 0 1 0 0 0 1 0 0 0 0 1 1 1 1 1 1 1 1 0 1 1 1 1 0 1 0 1 1 0 0 0 0 1 1 1 0 0 0 1 0 0 0 1 0 1 0 0 1 0 1 0 0 0 1 1 0 0 0 0 0 0 1 1 0 0 0 0 0 0 0 1 1 0 
1 1 1 0 0 0 0 0 1 0 1 1 0 0 0 1 0 1 0 0 1 1 0 0 1 0 1 1 1 1 1 1 0 1 0 1 1 1 0 0 1 0 0 0 1 0 0 0 1 1 1 0 0 1 1 0 0 0 1 1 0 0 0 0 1 0 0 1 1 0 1 0 1 1 0 0 0 0 0 1 0 1 1 1 0 1 0 0 1 0 0 0 0 0 0 0 0 0 0 1 0 1 1 0 1 1 0 0 1 0 1 1 0 1 1 1 1 0 0 1 1 1 1 1 0 0 1 0 0 1 0 1 1 0 0 0 1 1 1 0 0 1 1 0 0 0 0 1 0 1 0 0 1 1 0 1 0 1 1 1 
0 0 1 0 0 1 0 1 1 0 1 1 1 0 1 1 1 1 0 0 1 1 1 1 1 1 1 1 1 1 1 0 0 1 0 1 1 1 1 1 1 1 0 0 1 0 0 1 1 1 1 1 0 0 0 0 0 1 1 0 0 1 0 0 1 0 1 1 0 0 1 0 1 1 0 0 0 0 0 1 1 1 1 1 0 1 0 1 1 0 0 0 1 0 0 1 0 1 1 1 0 1 1 0 1 0 0 1 0 0 0 1 0 1 0 0 0 0 1 1 1 1 1 1 0 1 0 0 0 1 0 1 0 1 0 0 1 1 1 0 1 0 1 0 1 0 0 1 0 1 1 0 0 0 1 0 0 0 1 1 
0 0 1 0 1 0 0 1 1 0 1 1 1 0 1 0 0 1 0 1 1 0 0 0 1 0 1 1 0 0 0 1 0 1 0 1 1 1 1 1 1 0 1 0 1 0 0 1 1 1 1 0 0 1 0 1 0 1 0 1 0 1 0 0 1 0 0 1 0 0 0 0 1 1 0 0 1 0 0 1 1 1 1 0 1 0 1 1 1 0 0 0 1 0 1 1 0 0 1 0 0 1 1 0 1 0 0 1 1 0 0 1 0 1 0 0 0 0 0 1 1 1 0 0 0 1 1 0 0 1 0 0 1 1 1 0 1 1 0 0 0 1 1 0 1 0 0 1 0 1 1 0 0 1 1 1 0 1 1 1 
0 0 0 0 1 1 0 1 1 0 0 1 0 1 0 0 0 1 0 0 1 1 0 1 1 1 1 1 1 1 1 1 0 1 0 1 0 1 1 0 1 0 1 0 1 0 0 0 0 1 1 0 0 1 0 1 0 0 1 1 1 0 0 0 1 0 1 1 0 0 1 0 0 1 0 0 0 0 0 1 0 1 0 1 0 1 0 0 1 0 0 0 0 0 1 0 0 1 0 0 0 1 0 0 1 0 0 1 0 0 0 0 0 0 0 1 0 0 0 1 0 1 1 0 1 1 1 1 0 0 1 0 1 0 1 0 0 1 0 0 0 1 1 0 1 0 1 0 0 1 1 0 1 1 0 1 0 1 0 1 
0 1 1 0 1 1 0 1 1 0 0 1 1 0 0 1 0 1 0 1 1 0 1 1 0 0 1 1 1 1 0 1 0 1 1 1 0 1 1 0 1 0 1 0 1 1 0 1 1 1 1 1 1 1 0 1 0 0 1 1 0 0 0 0 1 0 0 1 0 1 1 1 1 1 0 0 1 0 0 1 0 0 1 1 1 1 1 0 1 1 1 0 1 0 0 0 0 0 1 0 1 0 1 1 1 1 1 0 1 0 0 1 0 1 0 0 1 0 0 1 1 1 1 0 0 1 0 1 0 1 1 1 1 0 1 0 1 1 0 0 0 0 0 0 1 1 0 1 1 1 1 1 1 0 0 1 0 1 0 1 
0 0 1 0 0 1 0 1 1 0 0 1 0 1 0 1 0 1 0 1 1 0 0 0 1 0 1 1 1 1 1 1 0 1 1 0 0 1 1 1 0 1 1 0 1 0 0 1 1 1 1 1 0 1 1 1 0 0 1 0 0 1 0 0 1 0 0 1 0 1 1 0 1 1 0 0 0 0 0 0 0 1 0 0 0 1 1 1 1 0 1 0 0 0 1 0 0 0 1 1 0 0 1 0 0 0 1 1 1 1 0 1 1 1 1 0 0 0 0 0 1 1 1 1 0 0 0 0 0 1 0 1 0 0 1 1 1 1 0 0 1 0 0 0 1 0 1 1 0 1 1 0 0 1 1 0 0 0 1 1 
0 0 1 1 1 0 1 1 1 0 0 1 1 1 1 0 0 1 0 0 1 1 0 0 0 0 1 1 0 1 1 1 0 1 0 1 0 1 1 1 1 1 0 0 1 0 0 1 1 1 1 1 1 1 0 1 1 0 0 0 1 0 0 0 1 0 0 1 1 0 0 0 1 1 0 0 0 0 1 1 0 1 0 0 0 1 1 0 1 0 1 0 1 0 0 0 0 1 1 0 1 1 1 0 1 1 1 0 1 1 0 1 0 0 1 0 0 0 0 0 0 0 1 0 0 0 0 1 0 1 0 0 0 1 1 0 1 1 1 0 1 1 1 0 1 0 1 1 1 1 1 0 0 1 0 0 0 1 1 1 
0 0 0 1 0 0 0 1 1 1 1 1 1 0 1 1 0 0 0 1 1 0 0 0 1 0 1 1 1 0 0 0 0 1 0 1 0 1 1 0 1 0 1 0 1 0 0 1 0 1 1 0 1 1 0 1 0 0 1 0 0 0 0 0 1 0 0 0 0 1 0 0 1 1 0 1 0 0 0 1 0 1 0 0 0 1 1 1 1 1 0 0 0 1 1 0 0 0 0 1 0 1 0 1 1 0 1 1 1 1 0 1 0 1 0 0 0 0 0 1 0 1 1 1 1 1 0 1 0 1 1 0 1 1 0 0 1 1 1 0 0 0 1 0 1 0 0 1 0 1 0 0 0 0 1 1 0 1 1 1 
0 1 1 1 1 0 0 1 1 0 0 1 1 0 0 1 0 1 0 0 1 1 0 1 1 0 1 0 1 0 0 1 0 1 0 1 0 1 1 1 1 1 1 0 1 0 0 1 1 1 1 1 0 1 0 0 1 0 1 1 0 0 1 0 1 0 0 1 0 0 1 1 1 1 0 0 0 0 0 1 1 1 1 1 0 1 0 1 1 0 0 0 0 0 0 0 0 1 1 1 1 1 1 0 1 0 0 1 1 0 0 1 0 1 0 0 0 0 0 1 1 1 1 0 0 0 0 0 0 1 1 1 0 1 0 0 1 0 1 0 1 1 0 0 0 0 0 1 0 1 0 0 0 0 1 0 1 0 1 0 
0 0 1 0 0 0 0 0 1 0 0 1 0 0 0 1 0 0 0 0 1 1 0 1 0 1 1 1 1 1 0 1 0 1 0 1 1 0 1 0 1 0 1 0 0 1 0 0 1 1 1 1 1 0 0 0 1 0 1 0 0 1 0 0 1 0 0 1 0 0 1 1 1 0 0 1 0 1 1 1 0 1 0 1 0 1 0 0 1 1 1 0 0 0 1 0 0 1 1 1 0 1 1 1 1 0 1 1 1 1 1 1 1 1 0 1 0 0 0 1 1 1 1 1 0 0 0 1 0 1 0 1 1 0 1 1 1 0 1 0 1 0 1 0 0 0 1 1 0 1 0 0 0 0 0 0 0 0 1 1 
0 1 1 0 0 0 0 1 1 1 1 1 1 0 0 1 0 1 0 0 0 0 1 1 1 0 1 1 1 0 1 0 1 1 0 1 1 1 1 0 0 0 1 0 0 0 0 0 1 0 1 0 1 1 1 0 0 1 1 1 0 0 0 0 0 0 1 1 1 0 1 1 0 1 0 0 1 1 0 1 1 1 0 1 0 1 1 0 0 0 0 1 0 0 1 0 0 1 0 0 0 0 1 1 1 0 0 1 1 0 0 1 1 1 0 1 1 0 0 1 1 1 1 0 0 1 0 1 0 1 0 0 1 0 1 0 1 1 1 0 0 1 0 0 1 0 1 1 0 1 0 0 1 0 1 0 0 1 1 0 
0 0 1 1 0 0 0 0 1 0 1 1 1 0 1 1 0 1 0 0 0 1 0 1 1 1 1 1 1 0 1 1 0 1 0 1 1 1 1 1 1 0 1 0 1 0 0 1 1 1 1 1 1 1 0 0 0 0 0 1 0 1 0 0 1 0 0 1 0 0 0 1 1 1 0 0 1 0 0 1 1 1 1 1 0 0 1 1 1 0 1 1 0 0 0 0 0 1 0 0 0 0 1 0 1 0 0 1 1 0 0 1 0 0 0 1 0 0 0 1 1 1 1 0 1 1 1 0 0 1 1 1 1 0 0 0 1 1 1 0 0 1 1 0 1 1 0 1 1 1 0 0 0 0 0 0 0 1 1 1 
0 1 1 0 1 0 0 1 1 0 0 1 1 0 1 0 0 1 0 0 1 0 1 1 1 0 1 1 1 1 0 1 0 1 0 1 1 0 1 1 1 1 1 0 1 0 0 0 1 1 1 1 1 1 0 1 1 1 1 1 0 0 0 0 1 0 0 1 0 1 1 0 0 1 0 1 1 1 0 0 0 1 1 0 0 1 1 0 1 0 0 0 0 0 0 0 0 0 0 1 1 0 1 1 1 1 1 1 1 0 0 0 0 1 1 0 0 0 0 0 1 1 1 0 0 1 0 0 0 1 1 1 0 0 1 0 1 1 0 0 0 1 1 0 1 0 0 0 1 1 0 0 0 0 0 1 0 1 1 0 
0 0 1 0 0 0 0 1 1 0 1 1 1 0 0 1 0 1 0 0 1 0 0 1 1 0 1 1 1 1 1 1 0 1 1 1 0 0 1 1 1 0 1 0 1 0 0 1 1 1 1 1 0 1 0 1 1 1 1 1 0 1 0 0 1 0 0 1 0 0 1 1 1 1 0 0 0 0 0 1 0 1 1 1 0 1 0 1 1 1 0 0 0 0 1 1 0 1 1 1 0 1 1 0 1 0 1 1 1 1 0 1 0 1 0 1 0 0 0 1 1 1 1 0 0 0 0 0 0 1 1 0 1 0 0 1 0 1 0 0 1 0 1 0 1 1 0 0 0 1 0 0 1 1 1 0 0 0 1 1 
0 0 1 0 0 1 0 1 1 1 1 1 1 0 0 1 0 1 0 0 0 0 0 0 0 0 1 0 1 1 1 1 0 1 0 1 0 1 1 1 1 0 0 0 1 1 0 1 1 1 1 1 0 0 0 0 1 0 0 1 0 0 0 0 1 0 0 1 0 1 1 1 1 1 0 0 0 1 0 1 1 1 1 1 0 1 0 1 1 0 1 0 1 0 1 0 0 0 1 1 1 0 1 0 1 0 0 0 0 1 0 0 1 1 0 0 0 0 0 1 1 1 1 1 1 1 0 0 0 0 0 1 1 0 1 1 0 1 0 0 1 1 0 0 1 1 1 0 1 1 1 0 1 1 1 1 0 0 0 1 
0 1 1 0 0 1 1 1 0 0 1 1 1 0 0 0 0 1 0 0 1 0 0 1 0 1 1 1 0 1 1 1 1 1 0 1 1 1 1 0 0 0 1 0 1 0 0 0 0 1 1 0 1 1 0 1 1 0 1 1 1 1 0 0 1 0 0 1 0 0 0 1 1 1 0 0 0 0 0 1 0 1 1 1 0 1 0 0 0 0 0 0 0 0 0 0 0 1 1 1 0 0 0 0 1 0 0 1 1 0 0 1 1 1 1 0 1 0 0 1 1 1 1 0 0 0 1 0 0 1 1 0 1 0 1 0 0 0 1 0 1 0 0 0 1 0 0 0 1 1 1 0 0 1 1 1 0 0 1 0 
0 1 1 1 0 1 0 0 1 1 0 1 1 0 0 1 0 1 0 0 0 0 1 1 0 0 1 1 1 0 1 1 0 1 0 1 1 0 1 0 1 1 1 0 1 1 1 1 1 0 1 1 0 1 0 1 0 0 1 1 0 0 0 0 1 0 0 1 1 1 1 1 0 1 0 0 0 1 1 1 1 1 0 0 0 1 0 0 1 0 1 0 0 0 1 0 0 1 1 0 0 0 1 1 1 1 1 1 1 1 0 1 0 1 0 0 0 0 0 1 1 1 1 0 0 0 1 0 0 1 0 1 1 1 1 0 1 1 0 0 1 0 0 0 1 1 0 0 0 1 1 0 0 1 0 1 0 0 1 1 
0 1 1 0 1 1 1 1 1 0 0 1 0 0 1 1 0 1 0 0 1 1 0 0 1 0 0 1 1 0 0 1 0 1 0 1 0 1 1 1 1 0 1 0 0 0 0 1 0 1 0 1 0 0 1 0 1 1 0 1 1 0 0 1 1 0 0 1 1 0 1 0 1 1 0 0 0 0 0 0 1 1 0 1 0 1 1 0 1 1 1 0 0 0 1 0 0 1 1 1 0 1 0 1 1 0 0 1 1 1 0 1 0 1 1 0 1 0 0 0 0 1 1 0 0 1 0 0 0 1 0 1 1 1 1 0 1 1 1 0 1 0 0 0 0 0 0 1 0 1 1 0 0 1 0 1 0 1 1 1 
0 1 0 0 0 1 0 1 1 1 0 1 1 0 1 1 0 0 0 1 1 0 0 1 1 0 1 0 1 0 0 0 0 1 0 1 0 1 1 1 1 1 1 0 1 0 0 1 1 1 1 1 0 1 1 0 0 0 1 1 0 0 0 0 1 0 0 1 1 0 1 0 1 1 0 0 1 0 0 1 0 1 0 1 0 1 0 0 1 0 0 1 0 0 1 0 0 1 1 1 1 1 1 1 1 1 1 0 0 0 0 1 0 1 0 1 0 0 0 1 0 1 1 1 0 1 1 0 1 1 1 1 0 0 0 0 0 1 0 0 1 1 0 0 1 1 0 0 1 1 0 0 0 0 0 0 0 0 1 0 
0 0 1 0 0 1 1 0 1 1 0 1 0 0 1 1 0 1 0 0 1 1 1 0 1 0 1 1 1 1 0 1 0 1 0 1 0 0 1 0 1 1 1 0 1 0 0 1 1 1 1 0 0 1 0 1 0 0 1 1 0 0 0 0 1 0 0 1 1 0 0 0 1 1 0 0 1 0 0 1 1 1 1 1 0 0 0 0 1 1 1 0 0 0 1 0 0 1 1 1 0 0 1 0 1 1 0 1 1 0 0 1 0 1 0 0 1 0 0 1 1 1 1 0 0 0 0 0 0 1 0 1 1 1 1 0 1 1 0 0 1 1 0 0 1 0 0 1 0 1 0 1 1 1 0 1 0 1 1 1 
0 0 1 0 1 1 0 1 1 0 0 1 0 0 1 1 0 1 0 1 1 0 0 1 0 0 1 0 1 1 1 1 0 1 0 1 1 1 0 1 1 0 1 0 1 0 0 0 1 0 1 1 0 1 0 1 0 0 1 1 0 1 0 0 1 0 0 1 0 1 0 0 1 1 0 0 0 0 1 1 0 1 0 0 0 0 0 1 1 0 1 0 0 0 0 0 0 0 0 0 0 1 0 0 0 0 1 1 1 0 1 1 0 0 0 0 1 1 0 1 1 1 1 1 0 0 1 0 1 1 0 1 0 1 1 0 0 1 0 0 0 1 0 0 1 0 1 0 1 1 1 0 0 0 0 1 0 1 1 1 
0 0 0 1 1 0 1 1 1 0 1 1 0 0 1 1 0 1 0 0 0 0 0 1 1 1 1 1 1 1 1 1 0 1 0 1 1 1 1 1 1 1 1 0 1 0 0 0 0 1 1 1 1 1 0 0 1 0 0 1 0 0 0 0 1 0 0 1 0 0 1 0 1 1 0 0 0 0 1 1 0 1 1 0 0 1 1 1 1 0 0 0 0 0 1 1 0 1 1 1 1 0 1 0 0 0 1 0 1 0 1 1 0 1 1 0 1 0 0 1 1 1 1 1 0 0 0 0 1 1 0 1 0 1 1 0 1 1 1 0 1 0 0 0 1 0 0 0 0 1 1 0 1 0 1 1 0 1 1 1 
0 1 1 1 1 1 0 1 1 1 1 1 0 1 0 0 0 1 0 1 1 1 0 0 0 1 1 0 1 1 0 1 0 1 0 1 0 1 1 1 0 1 1 0 1 0 0 1 0 1 1 1 0 0 0 1 1 0 0 1 0 0 0 0 1 0 0 1 0 0 1 0 1 1 0 0 1 0 0 1 1 1 1 1 1 1 0 0 1 0 1 0 0 0 1 0 0 1 1 0 0 1 1 0 1 1 1 1 1 0 0 1 0 1 0 0 0 0 0 1 1 1 1 1 1 0 0 1 0 1 0 1 1 0 0 0 0 1 1 0 1 1 1 0 1 0 0 1 0 1 0 0 0 0 1 0 0 0 1 1 
0 1 1 0 1 1 0 1 1 1 1 1 0 0 0 1 0 1 0 0 1 1 0 1 0 1 1 1 1 1 1 1 0 1 0 1 1 0 0 1 1 0 1 0 1 0 0 1 0 1 1 1 1 1 1 0 0 0 0 0 1 0 0 0 1 1 0 1 0 0 1 0 1 1 0 0 1 0 0 1 1 1 1 1 0 1 1 1 1 0 0 0 0 0 1 0 0 1 0 1 0 0 1 1 0 0 0 1 1 0 1 1 0 0 1 0 1 0 0 1 1 1 1 0 1 0 0 0 0 1 0 1 1 0 0 0 1 0 1 0 0 0 1 0 0 0 0 0 0 1 1 0 0 0 0 1 0 1 1 0 
0 1 1 1 0 1 0 1 1 0 0 1 1 0 0 0 0 1 0 0 0 0 0 0 0 0 1 0 1 1 0 1 1 1 0 1 0 0 1 0 0 0 1 0 1 0 0 1 1 1 1 1 0 1 0 0 0 0 1 1 0 0 0 0 1 0 0 1 0 1 1 0 1 1 0 0 0 0 0 0 1 1 0 1 0 1 1 0 1 0 0 0 0 0 0 0 0 1 0 1 1 1 1 0 1 0 1 1 1 1 0 1 0 1 0 0 0 0 0 1 0 1 1 0 0 0 0 0 0 1 1 0 1 0 0 0 1 0 0 0 0 0 0 0 1 0 0 1 0 1 1 0 0 1 1 0 1 0 0 0 
1 0 1 0 0 1 1 1 1 0 1 1 0 0 1 0 0 1 0 0 0 1 1 1 0 0 1 1 1 1 0 1 1 1 1 1 1 1 1 0 1 1 1 0 1 0 0 0 1 1 1 1 1 1 0 1 1 0 1 1 0 0 0 0 1 0 0 1 0 1 1 1 1 1 0 0 0 0 0 0 1 1 0 1 1 0 0 0 1 0 0 0 0 0 0 1 0 0 0 1 0 0 1 0 0 0 0 1 1 1 1 1 0 1 0 0 1 0 0 1 0 1 1 1 1 0 0 0 0 1 0 0 1 1 1 0 0 1 0 0 1 1 1 0 1 0 0 1 0 1 0 0 0 1 1 1 0 0 1 0 
0 0 0 0 0 0 0 1 1 0 0 1 0 0 0 0 0 1 0 0 1 1 1 1 1 1 1 1 1 0 1 1 0 1 0 1 0 1 1 1 0 0 1 1 1 0 0 0 0 1 1 1 0 1 0 1 1 0 1 0 1 1 0 0 1 0 0 1 0 1 1 0 1 1 0 0 0 0 0 1 0 1 0 0 0 1 0 0 0 0 0 0 1 0 1 1 0 0 1 1 1 1 1 1 0 0 1 1 1 1 0 0 0 0 0 0 0 0 0 1 1 1 1 0 0 1 0 1 0 1 0 1 0 0 1 0 0 1 1 0 1 0 0 0 0 1 0 1 1 1 0 0 1 0 0 0 0 0 1 0 
0 0 1 1 1 0 0 1 1 0 0 1 1 0 0 0 0 1 0 1 0 1 0 1 1 1 1 0 1 1 0 1 0 1 0 1 1 1 1 1 0 1 1 0 1 0 0 1 1 1 1 1 0 1 0 1 0 0 1 1 0 0 0 0 1 0 0 1 1 1 0 0 1 1 0 0 1 0 0 0 1 1 0 0 0 1 0 0 1 0 1 0 0 0 1 0 0 0 0 1 0 0 0 1 1 0 1 1 1 0 0 1 0 1 1 0 0 0 0 1 1 1 1 0 0 0 1 0 0 1 0 0 1 0 1 0 1 0 1 0 0 1 1 0 1 0 0 0 0 1 1 0 1 1 0 0 0 1 0 1 
0 1 0 0 0 1 0 1 1 0 1 0 0 0 1 1 0 0 0 0 0 1 0 1 1 1 1 1 1 1 1 0 0 1 1 0 0 1 0 1 0 1 1 0 1 0 0 1 0 0 1 1 0 1 0 1 1 1 1 1 0 0 0 0 1 0 0 1 0 1 1 0 1 1 0 1 0 0 0 1 0 0 0 1 0 1 1 1 1 0 0 0 0 0 0 0 0 0 1 1 1 0 1 1 1 0 0 1 0 0 0 1 0 1 0 1 0 0 0 1 1 1 1 0 1 0 1 0 0 1 0 0 0 1 1 0 0 0 1 0 0 0 1 0 1 0 0 0 0 1 0 0 1 0 1 0 0 0 0 1 
0 1 1 0 0 1 0 1 1 0 1 1 0 0 1 0 1 1 0 1 1 1 1 1 0 1 1 1 1 1 1 1 0 1 1 1 0 1 0 0 1 1 1 0 1 1 0 1 1 1 1 1 1 1 0 1 1 0 1 1 1 0 0 0 1 0 0 1 0 0 0 0 1 1 0 0 0 0 0 1 1 1 1 1 0 0 0 1 0 0 1 0 1 0 1 0 0 0 0 1 0 0 1 0 0 1 0 1 1 1 0 0 0 1 0 0 0 0 0 1 1 1 1 1 1 0 0 0 0 1 0 0 1 0 1 0 1 0 0 0 0 1 0 0 1 1 1 1 1 1 1 0 0 1 1 1 0 1 1 0 
0 1 1 0 0 1 0 1 1 1 0 1 0 0 1 1 1 1 0 0 1 1 0 0 0 1 1 1 1 1 0 0 1 1 0 0 0 0 0 0 1 1 1 0 1 0 0 1 0 1 1 1 0 1 0 0 1 0 1 1 0 0 0 0 1 0 0 1 0 1 1 0 1 1 0 1 1 0 0 1 1 0 1 0 0 0 1 0 1 0 1 0 0 0 0 1 0 0 1 1 1 1 1 1 1 1 0 0 1 1 0 1 0 0 1 0 0 0 0 0 0 1 1 0 0 1 0 1 0 1 0 0 1 0 1 0 0 0 0 0 1 1 0 0 1 0 0 0 0 1 0 0 0 0 0 1 0 0 1 1 
1 1 1 0 1 0 1 1 1 0 1 1 0 0 0 0 0 1 0 0 1 0 1 1 0 1 1 0 1 1 1 0 0 1 0 1 1 1 0 1 0 0 1 0 1 0 0 0 1 1 1 0 1 1 1 1 0 1 1 1 0 1 0 0 1 0 0 1 0 1 1 1 1 1 1 0 1 0 0 1 1 0 1 1 0 1 1 0 1 0 0 0 1 0 1 0 0 1 1 0 0 0 1 1 1 0 1 1 1 1 1 1 0 1 0 1 0 0 0 0 0 1 1 0 0 1 0 0 0 1 0 0 1 1 1 0 1 1 0 0 1 0 0 0 0 0 0 0 0 1 0 1 0 1 1 0 0 0 1 0 
0 1 1 0 0 1 0 0 1 0 0 1 1 0 1 0 0 1 0 0 0 0 0 1 0 1 1 0 1 0 1 0 0 1 0 1 1 0 1 0 0 1 1 0 1 0 0 1 1 1 1 1 1 0 0 0 0 0 1 1 0 1 0 0 1 0 0 1 1 1 1 0 1 1 0 0 0 0 0 1 0 1 1 1 0 1 0 0 1 1 0 0 0 0 1 0 0 0 0 1 0 0 1 1 1 0 1 1 1 0 0 1 0 0 0 0 0 0 0 0 1 1 1 1 0 0 1 0 0 1 0 1 1 0 1 1 1 1 1 0 1 1 1 1 0 1 0 1 0 1 1 0 0 0 1 1 0 1 1 1 
0 0 0 1 0 1 1 0 1 0 0 1 1 1 0 0 1 1 0 0 1 0 0 1 1 1 1 0 1 1 0 0 0 1 0 1 1 0 1 0 0 0 1 0 1 0 0 0 1 1 1 1 1 1 0 0 1 0 0 1 0 1 0 0 1 0 0 1 0 0 1 1 1 1 0 0 1 1 0 0 0 1 0 1 0 1 1 0 1 0 0 0 0 0 1 0 0 0 1 1 1 1 1 1 1 1 1 1 1 1 0 1 0 1 1 0 0 0 0 1 0 1 1 1 1 0 0 0 0 1 1 1 1 0 1 0 0 1 1 0 0 0 0 1 1 0 1 1 0 1 0 0 1 1 1 1 0 1 1 1 
0 1 1 0 1 0 0 1 1 0 1 1 0 0 0 1 0 1 0 0 1 1 0 0 1 1 1 1 1 1 1 0 1 0 0 1 1 1 1 1 0 0 0 0 1 0 0 0 1 1 1 1 1 0 1 0 0 0 0 1 1 1 0 0 1 0 0 1 0 0 0 0 0 1 0 0 0 0 0 1 1 1 1 1 0 1 1 1 1 0 1 0 0 0 1 0 0 0 0 1 1 1 1 0 0 0 0 1 0 0 1 1 0 1 1 0 0 0 0 0 0 1 1 0 1 0 0 0 1 1 0 1 1 0 0 0 1 1 0 0 1 1 1 0 1 1 0 1 0 1 1 0 1 1 1 0 0 1 1 1 
1 0 0 1 1 0 0 1 1 0 1 1 0 0 0 1 0 1 0 0 1 0 0 0 0 0 1 1 1 0 1 1 0 1 0 1 0 1 0 0 0 1 1 0 1 1 0 1 0 1 1 1 1 1 1 1 0 0 0 0 1 0 0 1 0 0 0 1 0 0 1 1 1 1 0 0 1 1 0 1 0 1 1 1 1 0 1 1 1 1 1 0 0 0 0 0 0 0 1 0 0 1 1 1 1 0 1 0 1 0 1 1 0 1 0 1 0 0 0 1 1 1 1 1 1 1 0 0 0 1 0 1 1 0 1 0 1 1 1 0 0 0 0 0 1 0 0 0 0 1 1 0 0 0 1 0 0 1 0 1 
1 0 1 0 0 0 0 1 1 0 1 1 1 0 0 1 0 1 0 1 1 0 0 1 1 0 1 0 1 1 1 0 0 1 1 1 1 1 1 0 1 0 1 0 1 0 0 1 1 1 1 1 1 1 0 1 1 0 1 1 1 0 0 0 1 0 0 1 0 1 1 1 1 1 0 0 1 0 0 1 1 1 1 0 0 1 1 1 0 0 0 0 0 0 1 1 0 0 0 1 1 0 1 1 1 1 1 1 1 1 1 0 1 1 1 0 1 0 1 0 1 1 0 0 1 1 0 0 1 0 0 1 0 0 1 0 0 1 0 0 1 1 1 0 1 1 0 0 1 1 0 0 1 1 1 0 0 1 1 1 
0 0 0 0 0 0 0 1 1 0 0 1 1 1 0 0 0 1 0 0 1 1 0 1 0 1 1 1 1 1 0 0 0 1 1 1 1 1 1 1 1 0 1 0 1 1 0 1 1 1 1 1 1 1 0 1 0 0 1 0 0 1 0 0 1 0 1 1 1 0 0 0 1 1 0 0 1 0 0 1 0 1 1 1 0 1 0 1 1 0 1 0 0 1 0 0 0 1 0 1 1 0 1 1 1 0 1 0 1 1 0 1 0 1 0 0 0 1 0 1 1 1 1 1 1 0 0 1 0 1 0 0 1 1 1 0 0 0 0 0 1 1 0 0 1 0 1 1 0 1 1 0 1 0 1 0 0 1 1 1 
0 0 1 1 0 1 0 1 1 0 1 1 1 0 1 1 0 1 0 0 0 0 0 1 0 1 1 1 1 1 0 1 0 1 0 1 1 1 1 1 1 1 0 0 1 0 0 1 0 1 1 1 1 0 0 1 1 0 1 1 0 0 0 0 1 0 0 1 0 0 0 0 1 1 0 0 1 1 0 1 0 1 1 1 0 1 0 1 1 1 0 1 0 0 1 1 0 0 1 1 0 0 1 1 1 0 0 1 1 0 0 0 0 0 1 0 0 0 0 1 1 1 1 1 0 1 0 1 0 1 0 1 1 0 1 0 0 1 1 0 1 0 1 0 1 0 0 1 0 1 0 0 1 0 1 0 0 1 1 1 
0 1 0 0 0 1 0 1 1 0 0 1 0 0 1 1 0 1 0 0 0 0 0 1 0 1 1 1 1 0 0 1 0 1 1 1 0 1 1 1 0 1 1 1 1 0 0 1 0 1 1 0 1 1 0 1 0 0 1 1 0 1 0 0 1 0 0 1 1 1 0 0 1 1 0 0 1 0 1 0 1 1 1 1 0 0 0 1 1 0 0 0 1 0 0 0 0 0 0 1 0 1 1 0 0 0 0 1 1 0 0 0 0 1 0 1 0 0 0 1 0 1 1 1 1 1 1 0 0 1 1 0 0 0 1 0 1 1 1 0 0 1 0 0 0 1 1 1 0 1 1 0 0 1 0 0 0 0 0 0 
0 0 1 0 1 0 0 1 1 0 1 1 1 0 1 0 0 1 0 0 0 0 0 1 1 1 1 0 1 1 0 0 1 1 1 1 1 1 0 1 1 1 0 0 1 0 0 1 1 1 1 1 1 0 0 0 1 0 1 1 0 0 0 0 1 0 0 1 1 0 0 0 1 1 0 0 0 1 0 1 1 0 1 1 0 1 0 1 1 0 1 0 0 0 0 0 0 1 0 1 0 0 1 0 1 0 1 1 1 0 0 1 0 1 0 0 0 0 0 1 0 1 1 0 0 1 0 1 0 0 0 1 1 0 1 0 0 0 1 0 1 0 0 0 1 1 0 0 1 1 1 1 0 0 1 0 0 1 0 1 
0 1 1 0 0 1 0 1 1 0 1 1 0 0 0 0 0 1 0 0 1 1 0 0 0 0 1 1 1 1 1 0 0 1 1 1 1 1 0 1 1 0 1 0 1 0 0 1 0 1 1 1 1 1 1 0 0 0 1 1 1 1 0 0 1 0 0 1 0 0 0 0 1 1 0 0 1 1 0 1 0 1 0 0 0 1 1 0 1 0 1 0 0 0 0 0 0 0 0 1 1 0 1 1 1 0 1 1 1 0 1 1 0 1 0 0 0 0 0 1 1 1 0 0 0 0 0 0 1 1 0 1 1 0 0 0 0 1 1 0 1 0 1 0 1 0 0 0 0 1 1 0 1 0 0 0 0 1 1 1 
0 0 1 1 1 0 1 1 1 1 0 1 1 0 0 0 0 1 0 0 0 1 0 1 1 1 1 1 1 1 0 0 0 1 0 1 1 1 1 1 0 1 1 0 1 0 0 0 1 1 1 0 1 0 0 1 0 1 1 1 0 1 0 0 1 0 0 1 0 0 0 0 1 1 0 0 0 0 0 0 1 1 0 1 0 0 1 1 1 1 1 0 0 0 1 0 0 1 0 1 0 0 1 0 0 0 0 1 1 0 0 1 0 1 0 0 1 1 0 1 1 1 1 0 0 1 0 1 0 1 0 1 1 0 1 1 0 1 1 1 0 0 0 0 0 0 0 1 0 1 0 0 0 1 0 1 1 1 1 1 
0 1 1 0 0 0 0 1 1 0 0 1 1 0 1 0 0 1 0 1 0 1 1 0 1 0 1 1 1 1 0 0 1 1 1 1 0 1 1 1 0 0 1 0 1 0 0 1 1 1 1 0 0 1 1 0 1 0 1 1 0 1 0 1 1 0 0 1 0 0 1 0 1 1 0 0 0 0 0 0 0 1 1 0 1 1 1 1 1 0 1 0 0 0 1 0 0 1 0 1 0 1 1 1 1 0 1 1 1 0 1 1 0 1 0 0 0 0 0 1 1 1 1 0 0 1 0 1 0 1 0 1 1 1 1 0 0 0 1 0 0 0 1 0 1 0 1 0 0 1 0 0 0 1 1 0 0 0 0 1 
0 0 0 1 0 1 1 1 1 0 0 1 1 0 0 0 0 1 0 0 1 0 1 1 1 0 1 1 1 1 0 1 0 1 0 1 1 1 0 1 1 0 1 0 1 0 0 1 1 0 1 1 1 1 1 1 0 0 1 0 0 0 0 0 0 0 0 1 0 0 1 1 1 0 0 1 0 0 0 0 1 1 1 1 1 1 0 0 1 0 0 0 0 0 0 0 0 1 1 1 0 1 1 1 1 1 0 1 1 1 1 1 1 0 1 0 0 1 0 0 0 1 1 0 1 1 0 1 0 1 0 0 1 1 1 0 0 1 1 0 1 1 1 0 1 0 1 1 1 1 1 0 1 0 1 1 0 0 1 1 
0 1 1 1 0 0 0 1 1 0 1 1 1 1 0 1 1 1 0 0 1 1 0 1 1 1 1 1 1 1 1 0 1 1 0 1 0 1 0 1 1 1 1 0 1 0 0 1 1 1 1 0 1 1 1 1 1 0 1 1 0 0 0 0 0 0 0 1 0 1 0 0 1 1 0 1 1 0 0 1 0 1 0 1 0 1 0 0 0 0 0 0 0 0 0 0 0 1 0 1 1 0 1 0 1 0 1 1 1 1 0 0 0 0 0 1 0 0 0 1 0 1 1 1 0 1 0 0 0 1 0 0 1 1 1 0 1 1 1 0 0 0 1 0 1 1 1 1 1 1 1 0 0 0 1 1 0 1 1 0 
0 0 1 0 0 0 0 1 1 0 0 1 1 0 0 1 0 1 0 0 1 1 1 0 0 0 1 1 1 0 0 0 0 1 0 1 1 1 1 1 1 0 1 0 1 0 0 0 0 1 1 1 1 0 0 0 0 0 1 1 0 0 0 1 1 0 0 1 1 0 1 0 1 1 0 0 0 0 1 1 0 1 1 0 0 1 0 1 1 0 0 0 0 0 0 1 0 0 1 1 0 0 1 1 1 0 1 1 1 1 0 0 0 0 1 1 0 0 0 1 1 1 1 0 1 0 0 0 0 1 0 0 1 0 1 0 0 1 0 0 0 1 0 0 1 0 0 0 1 1 0 0 0 1 1 0 0 0 0 1 
0 1 1 0 0 1 0 1 1 0 1 1 1 0 0 0 0 1 0 0 1 0 1 1 0 1 1 0 1 1 1 1 0 1 1 1 0 1 1 0 1 0 0 0 1 0 0 1 0 1 1 1 0 0 1 1 1 0 1 1 0 0 0 0 1 0 0 1 1 0 1 0 0 1 0 1 0 0 0 1 1 1 0 1 0 1 1 1 1 0 0 0 0 0 1 0 0 1 1 0 0 1 1 1 1 1 0 1 1 0 0 0 1 0 0 0 0 0 1 1 1 1 1 1 1 1 0 0 0 1 1 1 1 1 1 0 1 1 1 0 0 1 1 0 1 0 0 0 1 1 1 0 1 0 1 0 0 1 0 1 
1 0 1 1 0 1 1 1 1 0 1 1 0 0 1 0 0 1 0 0 0 1 1 0 0 0 1 0 1 1 0 0 0 1 0 1 1 1 0 1 1 0 1 0 1 0 0 1 1 1 1 1 0 1 1 1 0 0 1 1 0 0 0 0 1 0 0 1 0 1 1 1 0 1 0 0 0 0 0 0 1 0 1 1 0 1 0 1 1 0 1 0 0 0 0 0 0 1 0 0 0 1 1 1 1 0 1 1 1 1 0 0 0 1 0 0 0 0 0 0 1 1 1 1 0 0 0 0 0 1 1 0 1 1 1 0 0 0 1 0 1 1 1 0 1 1 0 1 0 1 1 0 1 0 1 0 0 1 1 0 
0 0 1 0 1 1 0 1 1 0 0 1 0 0 0 0 0 1 0 0 0 0 0 0 1 1 1 1 1 1 0 1 0 1 0 1 1 1 0 0 1 1 1 0 1 0 0 1 1 1 1 1 1 1 0 1 1 0 1 1 0 0 0 0 1 0 0 1 0 0 1 0 1 1 0 0 0 0 0 1 1 1 0 1 0 1 0 1 1 0 1 0 1 0 1 0 0 1 0 1 1 0 1 1 1 0 0 0 0 1 1 1 0 1 0 1 0 0 0 0 1 1 0 0 0 1 1 1 0 1 0 0 1 1 0 0 1 1 0 0 0 1 0 0 1 0 0 0 0 1 1 0 1 0 1 0 0 1 1 1 
0 1 1 0 0 0 0 0 1 0 0 1 1 0 1 1 0 1 0 0 1 0 1 0 1 1 1 1 1 1 1 0 0 1 1 1 0 1 0 1 1 1 1 0 1 0 0 0 1 1 1 1 1 1 1 1 1 0 1 1 0 0 0 0 1 0 0 1 1 0 0 1 1 1 0 0 0 0 0 0 1 1 1 0 1 1 0 0 1 0 0 0 0 0 1 0 0 1 1 1 1 0 1 0 1 0 0 1 0 0 1 1 0 0 0 0 1 0 0 0 0 1 1 1 0 1 0 0 0 1 1 1 1 1 0 0 1 1 0 0 1 1 1 0 1 0 1 0 0 1 1 0 0 1 0 0 0 1 1 1 
0 1 0 0 0 0 0 1 1 0 1 1 0 0 1 1 0 1 0 0 1 1 0 1 0 0 1 1 1 0 1 1 0 1 0 1 0 0 0 0 0 0 0 0 1 1 0 0 1 1 1 1 0 1 0 0 1 0 1 1 0 1 0 0 0 0 0 1 1 0 0 0 1 1 0 0 0 0 0 0 1 1 0 0 0 1 1 1 1 0 1 1 1 0 1 0 0 1 0 1 0 1 0 0 1 0 0 1 1 1 0 1 0 0 0 0 1 0 1 1 1 1 0 0 0 1 0 0 0 1 0 1 0 0 1 0 1 1 1 0 0 0 1 1 1 0 0 1 1 1 0 0 1 1 0 0 0 1 1 1 
0 0 0 0 1 1 0 1 1 0 0 1 1 0 1 0 0 1 0 1 0 0 1 0 0 1 1 1 0 1 1 0 0 1 0 0 1 1 1 1 1 0 1 0 1 0 0 0 0 0 0 1 0 0 0 1 1 0 1 0 0 0 0 0 1 0 0 0 0 1 1 1 1 1 0 0 0 0 0 1 0 1 1 0 0 1 0 1 1 0 0 0 0 0 0 0 0 0 0 1 1 0 1 1 1 0 1 1 1 0 0 1 0 0 0 0 0 0 0 1 0 1 1 1 1 0 0 0 0 0 0 1 0 1 1 0 0 1 0 0 1 1 1 0 0 1 0 1 0 1 1 0 0 0 1 1 0 1 1 1 
0 0 0 0 0 0 1 1 1 1 0 1 0 0 0 0 0 0 0 1 1 1 0 1 1 1 1 1 1 1 0 1 0 1 0 1 1 0 1 0 0 0 1 0 1 0 0 1 0 1 1 1 1 0 0 1 1 0 1 1 0 0 0 1 1 0 0 1 0 0 1 1 1 1 0 0 1 1 0 0 0 0 0 1 1 1 1 1 1 0 0 0 1 0 1 0 0 0 0 1 0 1 0 1 1 1 1 1 1 0 0 1 1 1 1 0 0 0 0 1 0 1 1 0 1 1 1 1 0 1 0 0 1 0 1 0 1 1 1 0 0 0 0 0 1 0 1 1 0 1 1 0 0 1 0 0 0 0 1 0 
0 1 1 1 0 0 0 1 1 0 1 1 1 0 1 1 0 1 0 1 1 1 0 1 1 1 1 1 1 0 1 0 0 1 1 1 0 0 1 1 1 1 0 1 1 0 0 1 1 1 1 1 1 1 0 0 0 0 1 1 1 0 0 0 1 0 0 1 0 1 1 0 1 1 0 1 1 1 0 1 0 1 1 0 0 1 1 0 1 0 0 0 0 0 1 0 0 1 0 1 0 1 1 0 0 1 0 1 1 1 0 1 0 1 0 1 1 0 0 1 1 1 1 0 0 0 1 0 0 1 1 0 1 0 1 0 0 0 0 0 0 0 0 0 1 0 0 1 0 1 0 0 1 0 1 0 0 1 1 1 
0 1 1 0 0 1 0 1 1 1 1 1 1 0 1 1 1 1 0 0 1 0 1 1 0 0 1 1 1 1 0 1 0 1 0 1 0 1 1 1 0 0 1 0 1 1 0 1 1 1 1 1 1 1 1 0 1 0 1 1 0 1 0 0 1 0 0 0 0 0 1 0 1 1 0 1 0 0 0 1 1 1 0 1 0 1 1 1 0 1 0 0 0 0 1 0 1 0 1 1 0 0 1 1 0 0 1 1 1 0 1 0 0 1 1 1 0 0 0 1 0 1 0 0 1 1 0 0 0 1 0 1 1 0 1 0 0 1 0 0 0 0 1 0 0 0 1 0 0 1 0 0 0 0 0 1 0 1 1 1 
0 1 1 0 0 1 0 0 1 0 1 1 0 0 1 0 0 1 0 0 1 0 1 0 1 0 1 1 1 0 0 0 0 1 1 1 0 1 1 1 1 0 1 0 1 0 0 1 0 1 1 1 0 1 0 0 1 0 1 1 1 0 0 0 1 0 1 1 0 0 1 1 1 1 0 0 0 0 0 0 0 1 1 1 0 1 0 0 1 0 1 0 0 0 1 1 0 0 0 0 1 1 0 1 1 0 1 0 1 1 1 1 0 1 0 0 0 1 0 1 0 1 1 0 1 0 1 0 0 1 0 1 0 0 0 0 1 1 1 0 1 0 0 0 1 1 0 0 1 1 1 0 0 0 1 1 0 1 0 0 
0 1 1 1 0 0 0 1 1 1 1 1 0 0 1 1 0 1 0 0 1 0 1 0 1 1 1 1 1 1 1 1 0 1 0 1 1 1 1 1 1 0 1 0 1 0 0 1 1 0 0 1 1 0 1 0 0 0 0 1 0 1 0 0 1 0 0 1 0 1 1 0 0 1 0 0 0 0 0 1 1 1 0 0 0 1 0 0 1 0 0 0 1 0 1 0 0 0 0 0 1 1 1 0 1 0 1 0 1 0 0 0 0 1 1 0 0 0 0 0 1 1 1 1 1 1 0 1 0 1 0 0 1 0 1 0 1 0 0 0 1 0 0 0 1 0 0 0 0 1 0 0 0 1 0 0 0 1 1 1 
1 1 1 0 0 1 1 1 1 1 1 1 0 0 1 1 0 1 0 0 1 1 0 1 0 1 1 1 1 1 0 1 0 1 0 0 1 1 1 1 0 1 1 0 1 0 0 1 1 1 1 1 1 0 1 0 0 0 1 0 0 1 0 0 1 0 0 1 1 0 0 0 1 1 0 0 0 0 0 0 0 1 1 0 0 0 0 1 1 0 0 0 0 0 1 0 0 0 0 1 1 1 1 0 0 1 0 0 1 0 0 1 0 0 0 0 1 0 0 1 1 1 1 1 0 0 0 1 0 1 0 1 1 0 1 0 0 1 1 0 1 0 0 0 1 0 1 1 0 1 1 0 1 0 1 1 0 1 1 1 
0 1 0 0 0 0 1 1 1 0 0 1 1 0 0 1 0 1 0 0 1 1 1 0 1 0 1 1 1 0 1 1 1 1 1 1 0 0 0 0 1 0 1 0 1 0 0 1 1 1 1 1 0 1 0 0 0 0 1 0 1 0 0 0 1 0 0 1 1 0 1 0 0 1 0 0 0 0 0 0 0 1 1 0 0 1 0 0 1 0 0 0 1 0 0 0 0 1 0 1 0 0 1 0 1 0 1 1 1 0 0 1 1 1 0 0 0 1 1 0 1 0 1 1 0 0 1 0 0 1 0 1 0 0 1 0 0 0 1 0 1 1 0 0 0 0 1 1 0 1 1 0 0 0 0 0 0 1 1 1 
0 0 1 1 0 1 0 1 1 0 0 1 0 0 1 1 0 0 0 0 0 1 0 0 1 1 1 1 1 1 1 1 0 0 0 1 0 1 1 1 0 1 1 0 1 0 0 1 0 1 0 1 1 0 1 1 0 0 1 1 1 0 0 0 1 0 0 1 0 0 1 0 1 0 0 1 0 0 1 1 1 1 0 0 0 0 0 1 1 1 1 0 0 0 0 0 0 1 1 1 0 1 1 1 1 0 1 0 1 1 0 0 0 1 1 0 0 0 0 1 0 1 1 1 1 0 1 0 1 1 0 0 0 0 0 1 1 1 0 0 0 1 0 0 0 0 0 1 0 1 1 0 1 1 0 0 0 1 1 1 
1 0 1 0 0 1 0 0 1 0 0 1 0 0 0 0 0 0 0 1 1 0 1 1 0 0 0 1 1 0 0 0 0 1 0 1 0 0 1 0 0 1 1 0 1 1 0 1 1 1 1 1 0 1 0 1 0 0 1 1 0 1 0 1 1 0 0 1 0 1 1 0 1 1 0 0 0 0 0 1 1 1 1 1 0 1 0 0 1 0 0 0 0 0 1 0 0 0 0 1 0 1 1 0 1 0 1 1 0 1 0 1 1 0 0 0 0 0 1 1 1 1 1 1 1 1 1 0 0 1 0 0 0 1 0 0 0 0 1 0 1 1 1 0 0 0 0 1 1 1 1 0 1 0 1 0 0 1 1 0 
0 1 1 0 1 0 0 1 1 0 1 1 0 0 1 1 0 1 0 0 1 1 0 0 0 0 1 1 1 1 1 0 0 1 1 1 0 1 0 1 0 1 1 0 1 0 0 0 1 1 1 0 1 1 1 1 1 0 1 1 1 0 0 0 1 0 1 1 0 1 1 0 1 1 1 0 0 0 1 1 0 1 0 0 1 1 0 0 1 0 1 0 0 0 0 0 0 1 1 1 1 1 1 1 1 0 0 1 1 1 1 1 0 1 0 0 0 0 1 1 0 1 1 1 0 0 1 0 0 0 1 0 1 0 1 0 1 1 1 0 1 0 1 0 1 1 0 1 0 1 1 0 0 0 1 0 0 0 1 1 
0 0 1 0 0 0 0 1 1 0 0 1 1 1 1 1 0 0 0 0 1 1 1 0 1 0 1 1 1 1 1 0 0 1 1 1 1 0 1 1 1 0 1 0 1 0 0 1 1 1 1 0 1 1 0 0 0 0 1 1 0 0 0 0 0 0 0 1 0 0 0 0 1 1 0 0 0 0 0 1 0 1 1 0 1 0 0 0 1 0 1 0 0 0 1 1 0 0 0 1 0 0 0 0 1 1 1 1 1 1 1 1 0 1 1 0 1 0 1 0 0 0 1 1 0 0 1 0 0 1 0 1 1 0 1 0 0 1 1 0 1 0 1 1 1 0 0 1 1 1 1 0 1 1 1 0 0 0 1 1 
1 0 0 1 1 1 0 1 1 1 0 0 0 1 1 1 0 1 0 1 1 1 0 0 0 0 1 1 1 1 1 0 0 1 1 1 1 1 0 0 1 0 0 0 1 0 0 1 0 1 1 0 1 1 1 0 0 0 0 1 0 0 0 1 1 0 0 1 0 0 0 1 1 1 1 0 1 0 0 0 1 1 0 0 0 1 1 0 1 0 1 0 0 0 0 0 0 0 1 1 0 0 1 1 1 0 1 0 1 0 0 0 0 1 1 0 0 0 0 1 0 1 1 1 1 1 1 0 0 1 0 1 1 0 1 0 0 1 1 0 0 1 0 0 1 0 0 1 0 1 1 1 1 0 1 1 0 1 1 1 
0 1 0 1 1 1 0 1 1 0 1 1 0 0 1 1 0 1 0 0 1 0 0 1 1 0 1 1 0 1 1 0 0 1 1 1 0 1 1 0 1 0 1 0 1 1 0 0 0 1 1 0 0 1 0 1 1 0 1 0 0 0 0 0 0 0 0 1 0 1 1 1 1 1 0 1 0 0 0 1 0 1 1 1 0 1 0 1 1 0 0 1 0 0 0 0 0 1 1 1 1 1 0 0 1 0 1 1 1 1 1 1 0 1 0 0 0 0 0 1 1 1 1 0 1 0 0 0 0 1 0 1 1 1 1 0 0 0 1 0 1 0 1 0 1 1 0 1 0 1 1 0 0 0 1 1 0 0 1 1 
0 1 1 0 0 0 0 1 1 0 0 1 0 0 1 1 0 1 0 1 0 1 0 1 0 1 1 0 1 0 0 0 0 1 0 1 1 1 1 1 0 0 1 0 1 1 0 1 1 1 1 0 1 1 0 1 0 0 1 1 1 0 1 0 1 0 0 1 0 1 0 0 1 1 0 0 0 0 0 1 1 1 1 0 0 0 0 1 1 0 1 0 1 0 0 0 0 0 1 1 0 1 1 0 1 0 1 0 1 0 0 1 0 1 0 0 1 1 0 1 0 1 1 1 1 0 0 0 0 1 0 0 0 0 1 0 0 0 0 0 1 0 1 0 1 0 0 1 0 1 1 0 1 1 0 0 0 0 1 1 
0 0 0 1 1 0 0 1 1 0 0 1 1 0 0 0 0 1 0 0 1 1 1 1 1 1 0 1 0 0 1 0 1 1 0 1 1 1 0 0 0 1 1 0 1 0 0 0 1 1 1 0 0 1 1 1 1 0 0 1 1 0 0 1 1 0 0 1 0 0 1 0 0 1 0 0 0 0 0 1 0 1 1 0 0 1 1 0 1 0 1 0 1 0 1 0 0 0 1 1 1 1 1 0 1 1 1 0 1 0 0 0 0 1 0 0 1 0 0 1 0 1 1 1 0 1 0 0 0 1 1 0 1 1 1 0 0 1 1 0 1 0 1 0 0 0 0 1 1 1 1 0 1 0 0 0 0 0 1 1 
0 0 1 1 0 1 0 1 1 0 1 1 1 1 1 1 0 1 0 0 1 0 0 0 1 1 1 1 0 0 0 1 0 1 0 1 1 1 0 1 1 0 1 0 0 1 0 0 0 1 1 0 0 0 0 0 0 1 1 0 0 0 0 1 1 0 0 1 0 0 0 0 1 1 0 1 0 0 0 1 1 1 0 0 1 1 0 0 1 0 1 0 0 0 1 0 0 0 0 1 0 1 0 1 1 0 1 1 1 1 0 1 0 0 0 0 0 0 0 0 0 1 1 1 0 0 1 0 0 1 1 1 1 0 1 0 1 1 1 0 1 0 1 0 1 0 0 1 1 1 0 0 0 1 1 0 0 1 1 1 
0 0 1 1 1 1 1 1 1 0 1 1 0 0 1 1 0 1 0 0 1 0 1 0 1 0 1 0 0 1 1 1 1 1 0 1 0 1 1 1 1 0 1 0 1 1 1 0 0 0 1 1 1 1 0 0 0 0 1 0 0 0 0 0 1 0 0 1 0 0 1 0 1 1 0 0 0 0 0 1 0 1 1 1 0 1 1 0 1 0 1 0 0 0 0 1 0 1 1 1 1 0 0 1 1 1 1 0 1 1 0 1 1 1 1 1 1 0 0 1 0 1 1 1 0 1 0 0 1 1 0 0 0 1 1 0 0 1 1 0 1 0 0 0 1 1 0 1 1 1 0 0 0 0 0 1 0 1 1 1 
0 0 1 0 1 1 0 1 1 0 1 1 0 0 1 1 0 1 0 1 1 1 1 0 1 0 1 1 1 1 0 1 0 1 1 1 0 1 1 1 1 0 1 1 1 0 0 1 1 0 1 1 1 1 1 1 1 0 0 1 1 0 0 0 1 0 0 1 0 0 0 1 1 0 0 1 0 0 0 1 1 1 1 0 0 1 0 1 1 0 0 0 0 0 1 0 0 0 1 1 0 1 1 1 0 0 1 0 1 1 0 1 0 1 1 1 1 0 0 0 1 1 1 1 0 1 0 0 0 1 0 1 0 0 1 0 1 0 1 0 0 0 1 0 1 1 0 1 0 1 1 0 1 0 0 0 0 0 1 1 
0 1 1 0 0 1 1 1 1 0 1 1 1 0 0 0 0 0 0 1 1 1 0 0 1 0 0 0 1 1 1 0 0 1 0 0 0 1 0 0 1 1 1 0 1 1 0 1 1 1 1 1 0 0 0 0 1 1 1 1 0 1 0 0 1 0 0 1 0 0 1 0 1 0 0 0 0 0 0 1 1 1 1 0 0 1 0 1 1 1 0 0 0 0 1 0 0 0 0 0 0 1 1 0 0 0 0 1 1 0 0 0 1 1 0 1 0 1 0 1 1 1 1 0 1 1 0 0 1 0 1 1 1 0 0 0 0 1 0 0 1 0 1 0 1 0 1 0 1 1 1 0 1 1 0 0 0 0 1 1 
0 1 1 0 0 0 0 1 1 0 1 1 0 0 1 1 0 1 0 1 1 1 0 0 0 1 1 1 1 1 0 0 0 1 1 1 0 1 1 0 1 0 0 0 0 0 0 0 1 1 1 0 1 1 0 1 1 0 1 0 0 0 0 0 1 0 0 1 0 1 1 0 1 1 0 1 0 0 0 1 1 1 0 1 0 0 1 0 1 0 1 0 0 0 1 1 0 0 1 1 0 0 1 0 1 1 0 1 1 0 0 1 0 1 1 0 0 0 0 1 1 1 1 1 1 0 0 1 0 1 1 1 0 0 1 0 1 0 1 0 0 1 0 0 1 0 0 1 0 1 1 0 0 1 0 1 0 1 0 0 
0 1 1 1 1 0 0 1 1 0 0 1 1 0 0 0 0 0 0 0 1 1 0 0 1 0 1 1 0 1 0 0 0 1 0 1 1 1 1 1 1 0 1 0 1 1 0 0 1 1 1 1 1 1 1 0 0 1 1 1 1 0 0 0 1 0 1 1 1 0 1 0 1 0 0 0 0 0 1 1 1 1 1 1 0 1 1 1 1 0 1 0 0 0 0 0 0 1 0 1 0 0 1 1 1 0 1 1 1 1 1 1 0 1 0 0 1 0 0 0 0 1 1 0 0 0 0 0 0 1 0 0 1 0 0 0 1 1 1 0 0 0 0 1 0 0 0 0 0 1 1 0 0 0 0 0 0 0 1 0 
0 0 1 0 0 0 0 1 1 0 0 1 1 0 0 1 0 1 0 1 1 1 0 1 1 0 1 1 1 1 1 0 0 1 1 1 0 1 0 0 0 1 0 1 1 0 0 1 0 0 1 1 1 1 0 0 0 0 0 0 0 0 0 0 1 0 1 1 0 0 0 1 1 1 0 1 0 0 1 1 1 1 1 1 1 1 0 0 1 0 0 0 0 1 0 1 0 0 0 0 1 0 0 1 1 0 1 1 1 0 0 1 0 1 0 0 0 0 1 0 0 1 1 0 0 1 0 0 0 1 1 1 1 0 1 0 0 1 1 0 0 0 1 1 1 1 0 1 0 1 0 0 0 0 1 1 0 0 0 1 
0 1 1 0 0 1 1 1 1 1 1 1 1 0 0 0 0 1 0 0 1 1 0 0 1 1 1 0 1 1 1 1 0 1 1 0 0 1 0 0 0 0 1 0 1 0 0 1 1 1 0 1 1 0 0 1 1 0 1 1 0 0 0 0 1 0 0 1 0 0 1 1 1 1 0 0 1 1 0 1 1 1 0 0 0 1 1 1 1 0 0 0 0 0 1 0 0 1 1 1 0 0 1 0 1 0 1 1 1 1 0 1 0 0 1 1 0 0 0 1 0 1 0 1 0 1 1 0 1 1 0 0 1 0 1 0 0 0 1 0 1 0 1 0 1 0 0 0 0 1 1 0 1 1 1 1 0 0 1 0 
0 0 1 0 0 1 0 0 1 1 1 1 0 0 1 1 0 1 0 1 1 1 0 0 0 0 1 0 0 1 1 0 1 1 1 1 0 1 0 1 0 1 1 0 1 0 0 1 1 1 1 1 0 1 0 1 1 0 1 1 0 0 0 0 1 0 0 1 0 0 0 1 1 1 0 0 0 0 0 1 1 1 0 1 0 1 1 0 1 0 1 0 0 0 1 1 0 1 1 0 1 0 0 0 1 0 1 1 1 0 0 1 0 1 1 0 1 0 1 0 1 1 1 1 0 1 1 1 0 1 0 1 1 1 1 0 1 1 1 0 0 0 1 1 1 0 0 1 0 1 1 0 0 0 0 0 0 1 1 1 
0 1 1 0 0 0 0 1 1 1 1 1 0 0 1 1 0 1 0 0 1 0 1 1 0 0 1 0 1 1 1 1 0 1 0 1 0 1 0 1 1 0 1 0 1 0 0 1 1 1 1 1 1 0 0 0 1 0 1 1 1 0 0 0 1 0 0 1 0 1 1 0 1 1 0 0 0 0 0 1 0 1 1 0 0 1 1 0 1 0 1 0 0 0 1 1 0 1 0 1 0 1 1 0 1 1 1 1 1 1 1 0 0 1 0 1 0 0 0 0 0 1 1 1 1 0 0 0 0 1 1 0 1 0 1 0 0 1 0 0 1 1 1 0 0 1 0 1 1 1 1 0 1 0 1 0 0 1 0 0 
0 1 1 0 1 0 0 1 1 0 1 1 1 0 1 1 0 1 0 0 1 1 0 1 1 0 1 1 1 1 1 1 0 1 0 1 0 1 1 0 0 0 1 0 1 1 0 0 1 0 1 1 1 1 0 0 0 0 1 0 0 0 0 0 1 0 0 1 0 0 1 0 1 1 0 0 1 0 0 1 1 1 1 1 1 1 0 0 1 0 1 0 0 0 0 0 0 1 0 1 1 1 1 1 1 0 1 1 1 0 0 1 0 0 1 0 0 1 1 1 0 1 1 1 0 0 0 1 0 1 0 0 1 0 1 0 0 1 1 0 1 0 1 0 0 0 0 1 1 1 1 0 0 1 1 0 0 0 1 1 
1 1 0 0 1 0 0 1 1 0 1 1 0 0 0 1 0 1 0 0 1 0 0 1 0 0 1 0 1 1 1 0 0 1 0 1 1 1 1 1 1 0 0 0 1 0 0 0 1 1 1 1 1 1 0 0 1 1 1 1 0 1 0 0 1 0 0 1 0 1 0 0 1 1 0 0 0 0 0 1 1 1 0 0 0 0 0 0 1 0 0 0 0 0 0 0 0 1 1 1 1 0 1 0 1 1 1 0 1 0 0 1 0 0 1 0 0 0 0 0 1 1 1 0 0 0 0 0 0 1 0 1 1 1 1 0 0 0 0 0 0 0 1 0 0 1 1 1 0 1 1 0 1 1 1 1 0 0 1 1 
0 1 1 0 1 1 0 1 1 1 1 1 1 0 0 1 0 1 0 0 1 0 0 0 0 0 1 1 1 1 1 1 0 1 0 1 1 0 1 1 0 0 0 0 1 1 0 1 0 0 1 1 1 0 0 0 1 1 1 0 0 0 0 0 1 0 1 1 0 0 0 1 1 1 0 0 0 0 0 1 0 1 0 0 1 1 1 0 1 0 1 0 0 0 1 1 0 1 0 0 1 1 1 0 1 0 1 1 0 0 0 1 0 1 0 0 0 0 0 1 1 1 1 0 0 0 1 0 0 1 1 0 1 1 1 0 0 1 0 1 1 0 1 0 0 0 0 0 0 1 1 0 0 0 1 0 0 0 1 1 
0 1 1 0 0 1 0 1 1 0 0 1 1 1 1 1 0 1 0 0 1 0 0 1 1 0 1 1 1 1 1 0 1 1 0 1 1 1 0 0 0 0 1 0 1 1 0 0 1 1 1 1 1 1 0 1 1 0 1 1 1 0 0 0 1 0 0 1 0 0 1 1 1 1 0 0 0 1 0 1 0 1 1 1 1 1 1 0 1 1 0 0 0 0 0 0 0 1 0 0 0 1 0 1 1 0 0 1 1 1 1 0 0 0 1 1 1 0 0 0 1 1 1 0 0 1 0 0 0 1 0 1 1 0 0 0 0 0 1 0 1 1 1 0 1 1 0 1 1 1 1 0 1 0 1 1 0 1 1 1 
0 1 1 0 1 1 1 1 1 0 0 1 1 1 0 1 0 1 0 0 0 1 0 1 1 0 1 1 1 0 0 0 0 1 0 1 1 1 0 0 1 1 1 0 1 0 0 0 1 1 1 1 1 0 0 1 1 0 1 0 0 0 0 0 1 0 0 1 0 1 1 0 1 1 0 0 0 0 0 1 1 1 0 1 0 0 0 0 1 0 1 0 0 0 0 0 0 1 1 1 1 1 1 0 0 0 1 1 1 0 0 1 0 1 1 0 0 0 0 0 0 1 1 1 1 1 0 1 0 1 1 1 0 0 0 0 1 1 0 0 1 1 0 0 1 1 0 1 1 1 0 0 1 1 1 0 0 0 1 1 
0 0 1 0 0 1 1 0 1 0 0 1 1 0 1 1 0 1 0 0 1 0 1 1 0 0 1 1 1 1 1 0 0 1 0 1 1 0 1 1 1 1 1 0 1 1 0 0 1 1 1 0 0 0 0 1 0 0 1 1 0 0 0 0 1 0 0 1 0 0 1 1 1 1 0 0 0 1 0 1 1 1 0 0 0 1 0 1 1 0 1 0 1 0 1 1 0 0 0 1 1 1 1 0 1 0 1 0 1 0 0 1 0 1 0 0 0 0 0 1 1 1 1 0 0 1 1 0 0 1 0 1 1 0 1 0 0 1 1 0 0 0 1 0 0 1 1 1 1 1 0 0 0 0 0 0 0 1 1 1 
1 0 1 0 0 0 0 1 1 0 0 1 1 0 1 1 0 1 0 0 1 1 0 1 1 0 1 1 1 0 1 1 0 1 0 1 1 0 1 1 1 0 1 0 1 0 0 1 1 0 1 1 0 1 1 1 1 0 1 1 0 1 0 0 1 0 0 1 0 0 1 1 1 1 0 1 0 0 0 0 0 1 0 1 0 1 0 1 1 0 1 0 0 0 1 1 0 0 1 1 1 0 1 1 1 0 1 1 0 1 1 0 0 1 1 0 0 0 0 0 1 1 1 1 1 0 1 0 0 0 0 1 1 0 1 0 0 0 1 0 0 0 0 0 1 1 0 1 1 1 1 0 0 0 1 0 0 1 1 0 
0 0 0 0 0 1 0 1 1 1 0 1 0 0 1 1 0 1 0 1 1 1 0 1 0 0 1 1 1 1 0 1 0 1 0 1 1 1 1 0 0 0 1 0 1 0 0 1 1 1 1 1 0 1 0 0 1 1 1 1 0 1 0 0 0 0 0 1 0 0 0 0 1 1 0 0 0 1 1 1 1 1 1 0 1 1 1 0 1 1 0 0 0 0 1 1 0 1 0 0 0 0 1 0 1 1 0 1 1 1 0 1 1 1 0 0 0 0 0 1 0 1 1 1 1 0 0 0 1 1 0 1 1 1 1 0 1 1 0 0 0 0 0 0 1 0 0 1 0 1 0 0 0 0 0 1 0 1 0 1 
0 0 1 0 0 1 0 1 1 0 0 1 1 0 1 1 0 1 0 0 1 0 0 0 1 1 1 1 1 0 0 1 0 1 0 1 1 1 0 1 1 0 1 0 1 0 0 0 1 1 1 1 0 0 0 1 0 0 1 1 0 0 0 0 1 0 0 1 0 1 1 0 1 1 1 1 0 0 0 1 1 1 1 0 0 0 1 0 1 0 0 0 1 0 1 0 0 0 0 1 1 0 0 0 1 1 0 1 1 1 0 1 0 1 1 1 0 0 0 1 0 1 1 0 1 1 0 0 0 1 1 1 0 1 1 0 1 0 1 0 0 0 1 0 1 0 0 0 0 1 0 0 1 0 1 0 0 0 1 1 
1 0 0 0 0 1 0 1 1 1 0 1 1 0 0 1 0 1 0 0 1 1 0 1 1 0 1 1 1 1 0 0 0 1 1 1 1 1 0 1 1 0 1 0 1 0 0 1 1 1 1 1 1 0 0 1 0 0 0 1 0 0 0 0 1 0 0 1 0 0 1 1 1 1 0 0 0 0 1 1 0 1 0 1 0 1 0 1 1 0 1 0 0 0 0 0 0 0 0 1 1 0 0 1 1 1 0 1 1 1 1 1 0 0 1 0 0 0 0 0 1 0 1 0 0 0 0 0 1 1 0 0 1 0 1 0 1 1 0 0 1 0 1 0 1 0 1 0 0 1 0 1 1 1 0 1 0 1 1 0 
1 1 1 0 1 1 0 1 1 1 0 1 1 1 0 1 0 1 0 0 1 0 1 0 0 0 1 0 1 1 1 1 0 1 0 1 1 1 0 0 0 0 1 0 1 1 0 1 1 1 1 0 1 0 0 0 0 0 1 0 0 1 0 0 1 0 0 1 1 0 0 0 1 1 0 1 1 0 0 0 1 1 0 1 0 1 0 0 1 1 1 0 0 0 1 0 0 0 1 1 0 0 0 1 1 0 1 1 1 0 1 1 0 0 0 1 1 0 0 1 1 1 1 1 0 0 1 0 0 1 0 1 1 0 1 0 0 1 1 0 0 1 1 0 1 1 0 1 1 1 1 0 0 0 1 1 0 0 1 1 
0 1 1 0 0 1 0 1 1 1 1 1 1 0 1 1 0 1 0 0 1 0 1 0 1 0 1 1 1 0 0 1 0 1 1 1 1 1 1 1 0 1 1 0 1 0 0 1 1 1 1 1 0 0 0 1 0 0 1 0 0 1 0 0 1 0 0 1 0 0 0 1 1 1 0 0 0 0 0 1 1 0 1 1 0 0 1 0 1 0 1 0 0 0 0 0 0 1 0 1 1 1 1 1 1 0 0 1 1 0 0 1 0 0 1 0 0 0 0 0 0 1 1 1 0 0 1 0 0 0 0 0 1 1 1 0 1 1 1 0 0 1 0 0 1 0 0 1 0 1 1 0 0 0 1 1 0 1 1 0 
0 0 1 0 1 1 0 1 1 1 0 1 1 0 1 0 0 1 0 1 1 0 0 1 0 0 1 1 1 1 0 0 0 1 0 1 0 1 1 1 0 0 1 0 1 0 0 0 0 1 1 1 0 0 1 0 0 0 1 1 1 0 1 0 1 0 0 1 0 0 1 0 1 1 0 0 0 0 1 1 0 1 0 0 0 1 0 1 1 0 1 0 0 0 0 0 0 0 1 1 1 1 0 0 1 0 0 1 1 0 0 1 1 1 1 0 0 0 0 1 0 1 1 0 1 1 0 1 0 1 0 1 1 0 0 1 1 1 1 0 1 0 1 0 1 0 1 1 1 1 0 1 1 0 0 0 0 1 1 1 
0 1 1 1 1 1 1 1 1 0 1 1 1 0 0 1 0 1 0 0 0 1 1 1 1 0 1 1 1 1 0 0 0 1 0 1 1 1 1 0 1 0 1 0 1 1 0 1 0 1 1 0 1 1 1 0 1 1 1 0 1 0 0 0 1 0 1 1 1 0 1 0 0 1 0 0 0 0 0 1 1 1 1 1 0 1 1 1 1 0 0 0 0 0 1 0 0 1 1 1 0 1 1 0 1 0 1 1 1 0 0 1 0 0 1 0 0 0 0 1 0 1 1 0 0 0 1 0 0 0 0 1 1 1 1 0 0 1 1 0 0 1 1 0 1 1 0 1 0 1 1 0 0 0 0 0 0 1 1 0 
0 0 1 0 0 1 0 1 1 0 1 1 0 0 1 1 1 0 0 0 1 0 0 1 1 1 1 1 1 1 0 0 0 1 0 1 1 1 1 1 0 0 1 0 0 0 0 1 1 1 1 1 0 0 0 1 0 1 1 1 1 0 0 0 1 0 0 1 0 1 1 0 1 1 0 1 1 1 0 1 0 1 1 1 1 1 1 1 1 1 0 0 0 0 1 0 0 0 0 1 0 0 1 0 1 1 0 1 1 1 0 1 0 1 0 0 0 0 0 0 1 1 1 1 0 0 0 0 0 1 1 1 0 0 0 0 1 1 0 0 1 0 0 0 1 0 0 0 0 1 0 0 1 0 1 0 0 1 1 1 
0 0 1 0 0 0 0 1 1 0 0 1 0 1 0 0 0 1 0 1 1 0 0 1 0 0 1 1 1 0 1 0 0 1 0 1 1 1 0 1 1 1 1 0 0 0 0 1 1 1 1 1 0 0 0 1 1 0 0 1 0 0 0 0 1 0 0 1 1 0 1 0 1 1 0 0 0 0 1 0 0 1 1 1 0 1 1 1 1 0 1 0 0 0 0 0 0 1 1 1 0 0 1 1 1 0 1 1 1 0 0 0 0 0 0 1 0 0 1 1 1 1 1 1 0 1 0 0 0 1 1 1 0 1 1 0 1 1 1 0 1 0 1 0 1 1 0 1 1 1 0 0 0 0 0 0 0 1 1 1 
0 1 1 0 1 1 0 1 1 1 1 1 0 0 1 1 0 1 0 0 1 1 0 1 0 0 1 1 1 1 1 0 0 1 0 1 0 1 1 1 0 1 1 0 1 0 0 0 0 0 0 0 0 1 1 0 0 0 1 0 0 0 0 0 1 0 0 1 0 0 1 0 1 1 0 0 1 0 0 0 0 1 0 0 0 1 0 1 1 1 0 0 1 0 0 1 0 0 0 0 1 1 1 0 1 1 1 1 0 0 1 0 0 1 0 0 0 0 0 1 0 1 0 0 0 1 0 1 1 1 1 1 1 0 0 0 0 1 1 0 0 0 1 0 1 1 0 1 1 1 0 0 1 0 1 0 0 0 0 1 
0 0 0 0 1 1 0 1 1 1 0 1 1 0 1 0 0 1 0 0 1 0 1 0 1 1 1 1 0 0 1 1 0 1 0 1 1 0 1 0 0 0 1 0 1 0 0 0 1 1 1 1 1 1 0 1 1 0 1 0 1 0 0 0 1 0 0 1 0 0 1 1 1 1 0 0 0 0 0 1 0 1 0 1 0 1 0 0 1 0 0 0 0 0 1 0 0 1 0 1 0 1 1 1 1 0 0 1 1 1 0 1 0 1 0 1 0 0 0 1 1 1 1 1 0 1 0 0 1 1 0 0 1 0 0 0 1 1 0 0 1 1 0 0 1 0 0 1 0 1 1 0 0 0 1 0 0 1 0 0 
0 0 1 0 0 0 0 1 1 0 0 0 1 0 1 1 0 1 0 1 0 0 1 1 1 0 1 0 0 1 0 0 0 1 1 1 0 1 0 1 1 0 1 0 1 0 0 0 0 1 1 1 0 1 0 1 1 0 1 1 0 0 0 0 1 0 0 1 0 1 1 1 1 0 0 0 1 0 0 1 1 1 0 1 0 1 0 1 1 0 1 1 0 0 0 0 0 0 1 1 0 0 1 0 1 0 1 0 1 1 1 1 1 1 1 1 0 0 0 1 0 1 0 1 0 1 0 0 0 1 1 0 1 0 0 0 1 0 1 0 0 0 0 0 0 1 0 1 0 1 1 0 0 0 0 0 0 1 1 1 
1 0 1 0 0 1 0 1 1 1 1 0 0 0 1 1 0 1 0 1 1 0 1 0 0 0 1 1 1 1 1 0 0 0 0 1 1 1 1 1 1 1 1 1 1 0 0 1 0 0 1 1 0 1 0 1 0 0 1 0 0 0 0 0 1 0 0 1 0 1 1 1 1 1 0 0 0 0 0 1 0 1 1 1 0 0 0 0 0 0 0 0 0 0 1 0 0 0 0 1 1 0 0 0 1 0 1 1 1 1 1 1 0 1 0 1 0 0 0 1 1 1 1 0 0 1 1 0 0 0 1 1 0 1 1 0 0 1 0 0 1 1 0 0 0 0 0 0 1 1 0 0 0 0 0 0 0 1 1 1 
0 0 1 1 0 0 1 1 1 0 0 1 1 0 1 0 0 1 0 0 1 1 0 1 1 0 1 1 1 1 0 0 0 1 1 1 1 1 0 1 0 0 1 0 1 0 0 1 1 1 1 1 1 0 0 0 0 0 1 1 0 0 0 0 1 0 0 1 0 0 1 0 1 1 0 0 0 0 0 1 1 1 1 1 0 0 1 1 1 0 1 0 1 0 0 1 0 0 1 1 0 0 1 0 1 1 1 1 1 1 0 1 1 0 0 0 1 0 1 0 0 1 1 0 0 1 0 1 1 1 0 1 1 0 1 0 1 0 0 0 1 0 1 0 1 0 1 1 1 1 1 0 0 1 1 0 0 0 0 0 
0 1 1 0 0 0 0 1 1 1 0 1 0 0 0 1 0 1 1 0 1 0 0 1 0 1 1 1 1 0 1 0 1 1 0 1 1 0 1 1 1 0 1 0 1 0 0 1 1 1 1 0 1 0 0 1 0 0 1 1 0 0 0 0 1 0 0 1 0 0 1 1 1 1 0 0 1 0 1 1 0 1 1 0 1 1 1 1 1 0 1 0 1 0 0 0 0 0 0 0 1 0 1 1 1 0 0 1 1 1 1 1 0 1 0 0 0 0 0 0 1 1 1 1 0 1 1 0 1 1 1 0 1 0 1 0 0 0 1 1 1 0 0 0 1 1 1 1 1 1 0 1 0 0 1 0 0 1 0 1 
0 0 1 0 0 0 0 0 1 1 1 1 0 0 1 1 0 1 0 0 1 1 1 1 1 0 1 1 1 1 1 1 0 1 0 1 0 0 1 1 0 0 1 0 1 1 0 0 0 1 1 1 0 0 0 1 1 0 1 0 1 0 0 0 1 0 0 1 0 0 1 0 1 1 0 0 1 0 0 1 1 1 1 1 0 1 0 0 0 0 1 0 0 0 1 1 0 0 0 1 0 1 1 0 1 0 0 1 0 0 1 0 0 1 1 0 0 0 0 1 1 1 1 1 0 0 0 1 0 1 1 1 1 1 1 0 0 1 1 0 1 0 1 0 1 1 0 0 0 1 0 0 0 0 0 0 0 1 1 1 
0 1 1 0 1 0 1 1 1 0 0 1 1 0 1 1 0 1 0 0 1 1 0 0 0 1 1 1 1 1 1 1 0 1 0 1 0 0 1 0 1 1 1 0 1 0 0 1 0 1 1 0 1 1 1 0 0 1 1 1 0 0 0 0 1 0 1 1 1 1 1 1 1 1 0 0 1 0 1 0 0 1 0 0 0 1 1 1 1 1 1 0 0 0 1 0 0 0 1 1 0 0 1 1 1 0 0 0 1 1 0 0 0 1 0 0 1 0 0 1 1 1 0 0 1 1 1 1 0 1 0 1 1 0 1 0 0 1 0 0 0 1 1 0 1 0 0 1 0 1 1 0 1 0 1 0 0 0 1 1 
1 0 1 0 1 0 0 1 1 0 0 1 1 0 1 1 1 0 0 0 1 0 0 1 1 0 1 0 0 0 1 1 0 1 0 1 1 1 0 1 0 0 1 0 1 0 0 1 1 1 1 1 1 0 1 1 0 0 1 0 0 0 0 0 1 0 0 1 0 0 1 0 0 1 0 0 0 1 0 1 1 1 0 0 0 1 1 1 1 0 1 0 0 0 1 0 0 0 0 0 0 1 1 0 1 0 0 1 1 0 0 1 0 1 1 0 0 0 0 1 1 1 1 1 0 0 0 0 0 1 0 0 1 0 1 1 1 1 0 0 0 0 1 1 1 1 0 0 0 1 1 0 0 1 1 0 0 1 1 0 
0 1 1 0 1 0 0 0 1 0 1 1 1 0 1 1 0 1 0 1 1 0 0 0 1 0 1 1 1 1 0 0 0 1 0 0 0 1 1 1 1 0 0 1 1 0 0 0 1 1 1 1 1 0 0 0 1 0 1 1 0 1 0 0 1 0 0 1 0 0 0 1 1 0 0 0 0 0 0 1 0 1 0 0 1 0 0 0 1 0 0 0 1 0 1 0 0 0 1 1 1 0 0 1 1 0 1 0 1 1 0 1 0 0 0 1 0 0 1 1 1 1 1 0 1 1 0 0 0 1 1 1 1 0 0 0 1 1 0 0 0 0 1 0 1 0 1 1 0 1 0 0 0 0 1 1 0 0 1 1 
0 0 1 0 0 0 1 1 0 0 1 1 1 0 0 1 0 0 0 0 1 1 1 1 0 0 1 1 1 0 1 0 0 1 0 1 1 1 0 1 1 1 1 0 1 1 0 1 1 1 1 1 1 0 0 1 0 0 1 1 0 0 1 0 1 0 0 1 0 0 1 0 1 1 0 0 1 1 1 1 0 1 0 0 0 1 0 1 1 0 1 0 0 0 1 0 0 0 0 1 1 1 0 0 1 0 1 1 1 1 0 1 0 1 0 1 1 0 0 1 0 1 1 1 1 1 0 0 0 1 0 1 1 0 1 0 0 0 1 0 0 0 1 0 1 0 0 1 0 1 1 0 1 0 1 1 0 1 1 0 
0 1 1 0 1 0 0 1 1 0 1 1 1 0 0 1 0 1 0 0 1 1 0 1 0 0 1 0 1 1 1 1 0 1 0 1 0 0 0 1 0 0 1 1 0 0 0 0 1 1 1 1 0 0 0 1 0 0 1 1 0 1 0 0 1 0 0 1 0 1 1 1 1 1 0 1 0 0 0 1 1 1 1 1 1 1 1 1 1 0 1 0 0 0 1 0 0 0 0 1 0 0 0 0 1 0 1 1 1 0 0 1 0 1 0 0 0 0 0 1 1 1 1 0 0 0 0 0 0 1 1 0 1 1 0 0 0 0 0 0 0 0 1 0 1 0 0 1 0 1 1 0 0 0 1 0 0 1 1 0 
1 1 1 0 0 1 1 0 1 1 1 1 0 0 0 1 0 1 0 0 1 0 1 0 1 0 1 0 1 0 1 1 0 1 0 1 1 1 0 0 0 0 1 0 1 1 0 1 1 1 1 0 1 1 0 1 0 0 1 1 0 0 0 0 1 0 0 1 0 0 1 1 1 1 0 0 0 1 0 1 1 0 0 0 0 1 1 1 0 0 1 0 0 0 0 0 0 1 0 1 1 1 0 1 1 0 1 0 1 0 0 1 0 1 1 0 1 0 0 1 1 1 0 1 1 0 0 0 0 1 1 1 1 1 1 1 0 1 0 0 1 0 1 0 1 0 0 1 0 1 0 0 1 1 1 0 0 0 1 1 
0 1 0 1 0 1 0 1 1 1 0 1 0 1 1 0 1 0 0 0 1 1 0 0 0 0 1 1 1 1 0 1 0 1 1 1 1 1 1 0 0 0 1 0 1 0 0 1 0 1 1 1 1 0 0 1 1 0 0 0 0 0 0 0 1 0 0 1 0 0 1 0 1 1 0 1 1 0 0 1 0 0 1 1 1 0 0 0 1 0 0 0 0 0 1 0 0 0 1 0 0 1 1 0 1 0 1 1 1 0 0 0 1 1 1 1 1 0 0 1 1 1 1 1 1 1 1 1 0 1 0 0 1 0 1 0 1 1 1 0 1 0 0 1 1 1 0 1 1 1 0 0 0 1 0 0 0 0 1 1 
0 0 1 1 0 1 0 1 1 1 1 1 1 0 0 0 0 1 0 0 1 1 0 0 1 0 1 1 1 1 0 0 0 1 0 1 0 1 1 1 0 0 1 0 1 0 0 1 0 1 1 1 1 1 1 1 0 0 1 1 0 0 0 0 1 0 0 1 0 0 0 1 1 1 0 1 1 0 0 0 0 0 1 1 0 1 1 1 1 0 0 0 0 0 1 0 0 1 0 1 1 1 1 0 0 1 1 0 1 1 0 1 0 1 0 1 0 0 1 1 1 1 1 1 0 1 0 0 0 1 0 0 1 0 1 0 1 0 0 0 1 1 1 0 0 1 1 1 1 1 1 0 0 0 1 0 0 0 1 0 
1 1 1 0 0 1 1 1 1 0 1 1 1 0 1 0 0 1 0 0 0 1 1 0 1 0 1 1 1 1 0 0 0 1 1 1 0 1 1 1 1 0 0 0 1 0 0 0 0 1 1 1 1 1 1 1 1 0 1 1 0 0 0 0 1 0 0 1 0 0 0 0 1 1 0 0 1 0 0 0 0 1 0 1 1 1 1 0 1 0 1 0 0 0 0 1 0 0 0 1 1 0 1 0 1 0 1 1 1 1 0 1 0 1 1 0 0 0 0 1 1 1 1 1 1 1 1 0 0 1 1 0 1 0 1 0 0 1 1 0 1 0 1 0 1 1 0 1 1 1 0 0 0 1 1 1 0 1 1 0 
0 0 0 0 0 1 1 1 1 0 1 1 0 0 0 0 0 1 0 0 1 0 0 1 0 0 1 1 1 1 0 0 0 1 0 1 1 0 0 0 0 1 1 0 1 0 0 0 1 0 1 0 0 0 1 0 1 0 1 0 0 0 0 0 1 0 0 1 0 0 1 1 1 1 0 0 0 0 1 1 0 1 1 1 0 1 0 0 1 0 1 0 0 0 1 0 0 1 1 1 1 0 1 0 1 0 1 0 1 1 0 1 0 1 0 1 0 0 1 1 1 1 1 1 1 1 1 0 1 0 1 1 1 0 0 0 0 1 0 0 0 0 0 0 1 1 0 0 0 1 0 0 1 1 1 1 0 0 1 1 
0 0 0 0 0 0 0 1 1 0 0 1 1 1 0 1 0 1 0 0 1 1 0 0 0 0 1 1 1 1 1 0 0 1 0 1 1 0 0 1 1 1 1 0 1 0 0 1 1 0 1 1 0 1 0 1 0 0 0 1 0 0 0 0 1 0 0 1 0 0 1 0 0 1 0 0 0 0 0 1 1 1 1 1 0 0 1 0 0 0 0 0 0 0 1 0 0 1 0 1 0 0 1 1 1 0 1 1 1 1 1 0 0 0 1 0 0 0 1 1 1 1 1 0 0 1 0 0 1 1 1 1 1 1 0 0 1 1 0 0 0 0 0 1 1 0 0 0 1 1 1 0 0 0 0 1 0 0 1 1 
0 0 1 1 0 0 0 1 1 0 1 1 0 0 0 1 0 0 0 1 1 1 0 1 0 0 0 1 1 1 0 0 0 1 0 1 0 1 0 1 1 0 1 1 1 0 0 0 0 0 1 1 1 1 0 0 0 0 1 1 0 0 0 1 1 0 0 1 0 0 1 0 1 1 0 0 0 1 1 1 1 1 1 0 0 1 1 0 1 0 1 1 1 0 0 0 0 1 0 1 0 0 1 0 1 0 1 1 1 0 1 0 0 1 0 0 1 0 0 1 0 1 0 0 1 1 0 1 0 1 0 1 1 0 1 0 1 1 1 0 1 0 1 0 1 1 0 0 1 1 1 1 0 0 1 0 1 0 1 0 
0 1 1 0 1 1 0 1 1 0 0 1 1 0 0 1 1 1 0 1 1 0 0 0 0 0 1 1 1 1 1 0 0 1 1 1 1 1 1 1 1 0 1 0 1 0 0 1 1 1 1 0 1 1 1 1 1 0 1 0 0 0 0 0 1 0 0 1 0 0 1 0 1 1 0 0 1 0 0 1 0 1 0 1 0 1 0 0 1 0 1 0 0 0 0 1 0 1 1 1 0 0 1 0 1 0 1 1 1 1 0 1 0 1 0 1 0 0 0 1 1 1 1 0 0 1 0 0 1 1 0 1 1 0 1 0 0 1 1 0 1 1 1 0 1 0 0 0 0 1 1 0 0 0 0 1 0 1 1 1 
0 1 0 1 1 1 1 1 1 0 1 1 1 0 1 1 0 1 0 1 0 0 0 0 1 0 1 0 1 1 0 0 0 1 1 1 1 1 1 1 1 1 1 0 0 0 0 0 0 1 1 1 1 0 1 1 1 1 1 1 0 0 0 0 1 0 0 1 0 0 1 1 0 1 0 0 0 0 0 1 1 0 1 1 1 1 1 1 0 0 0 0 0 0 0 0 0 1 0 1 0 1 1 1 1 0 1 1 1 1 0 0 0 1 1 1 0 0 0 1 0 0 1 0 0 0 1 1 0 1 0 1 1 0 1 0 1 1 0 0 0 0 1 0 1 1 1 1 0 1 0 0 0 1 1 1 0 0 0 1 
0 1 1 1 0 1 1 1 1 1 0 1 1 0 0 1 0 0 0 0 1 1 0 0 1 0 1 1 1 0 1 1 1 1 1 1 1 0 0 1 0 0 0 1 1 1 0 0 0 1 1 1 1 0 0 1 0 0 1 0 1 0 0 0 0 0 0 1 0 1 1 1 1 1 0 1 0 0 1 0 0 1 1 1 1 1 0 0 1 0 1 0 0 0 1 1 0 0 0 1 0 0 1 1 1 1 0 1 1 0 0 0 1 1 1 0 0 0 0 0 1 1 1 0 0 1 0 0 0 0 1 0 0 1 1 0 0 1 0 0 0 1 1 0 1 1 1 0 0 1 1 0 0 1 0 0 0 1 1 0 
0 0 1 0 0 1 0 1 1 0 0 1 0 0 1 1 0 1 0 0 1 0 0 1 0 1 1 0 1 1 0 0 0 1 0 1 1 0 1 1 0 1 1 0 1 0 0 1 0 1 1 0 0 1 1 1 0 0 1 1 0 1 0 0 1 1 0 1 0 0 1 1 1 1 0 0 0 0 0 1 1 0 0 0 0 1 0 1 1 0 1 0 1 0 1 1 0 0 1 0 0 1 0 1 1 0 1 1 1 1 0 1 0 1 1 0 0 0 0 1 1 1 1 1 0 0 1 0 0 1 0 0 1 0 0 0 0 0 0 0 1 1 0 0 1 1 0 1 1 1 0 0 0 1 0 1 0 0 1 0 
0 1 0 0 1 0 0 1 1 0 0 1 0 0 1 1 0 0 0 0 1 0 0 0 1 1 1 0 1 0 0 1 1 1 0 1 1 1 0 1 1 1 1 0 0 0 0 0 0 1 1 1 1 0 0 0 1 0 0 1 1 0 0 0 1 0 0 1 1 0 1 0 0 1 0 0 1 0 1 1 0 1 0 0 1 1 1 0 1 0 1 0 1 0 1 0 0 0 0 1 1 0 1 0 1 1 0 1 1 1 0 1 1 1 0 0 0 0 1 1 1 1 1 1 1 1 0 0 0 0 0 1 0 0 1 0 0 1 1 0 1 1 1 0 1 0 1 1 1 1 1 0 0 0 0 0 0 0 0 1 
0 1 1 0 0 1 0 1 0 0 1 1 0 0 0 1 0 1 0 0 1 1 0 1 0 0 1 1 1 0 0 0 0 1 0 0 0 1 1 1 0 0 1 1 1 0 0 1 1 1 1 1 0 1 0 1 0 0 1 1 0 1 0 0 0 0 0 1 0 0 0 0 1 1 0 0 0 0 0 1 1 1 1 0 0 1 0 0 1 0 0 0 0 0 0 0 0 0 1 1 0 1 0 0 1 1 1 1 0 0 0 1 0 1 0 0 0 0 1 1 0 1 1 0 0 0 0 0 0 1 0 1 1 0 0 0 1 1 1 0 0 0 0 0 1 1 0 1 0 1 1 0 1 1 1 1 0 1 1 0 
0 0 1 0 0 1 1 1 1 0 1 1 1 0 0 1 0 1 0 0 1 0 0 0 0 0 1 0 1 1 0 0 1 1 0 0 0 1 0 1 1 1 0 1 0 1 0 1 0 1 1 1 1 0 0 0 0 0 1 1 1 1 0 0 1 0 0 1 1 0 1 0 1 1 0 0 0 0 0 0 0 1 0 1 0 0 1 1 1 0 1 0 0 0 1 0 0 1 1 0 1 1 0 1 1 0 1 1 1 0 0 1 0 1 0 0 0 0 0 1 1 1 1 1 0 0 1 0 1 0 0 1 1 0 0 0 0 1 1 0 0 0 1 0 1 1 1 1 0 1 0 0 1 0 0 0 0 1 1 1 
1 1 1 0 0 0 0 1 1 0 1 1 1 1 0 0 0 1 0 0 1 1 1 1 1 0 1 1 1 1 1 1 0 1 1 1 0 1 0 0 0 1 1 0 1 1 0 0 1 1 0 1 1 0 0 1 0 0 1 1 0 0 0 0 1 0 0 1 0 0 1 1 1 1 0 0 0 0 0 0 0 1 0 1 0 1 0 1 1 0 1 0 0 0 0 0 0 0 1 1 1 0 1 1 0 1 1 1 0 0 1 1 0 1 1 0 0 0 0 1 0 1 1 1 0 1 1 0 0 1 0 0 0 1 1 0 1 0 0 0 1 0 0 0 1 0 0 1 1 1 1 0 0 0 1 0 0 0 1 0 
0 0 0 1 0 0 0 1 1 0 1 1 1 0 1 1 0 1 0 0 1 0 1 0 0 0 1 0 1 1 1 1 0 1 0 1 0 1 1 0 1 1 1 0 0 0 1 0 1 1 1 1 1 1 0 1 0 0 1 1 0 0 0 0 1 0 0 1 0 1 1 0 1 1 0 0 0 0 0 1 1 1 1 0 0 0 0 0 1 0 0 0 0 0 0 0 0 1 0 1 0 0 1 0 1 0 1 1 1 0 0 1 0 0 0 0 0 0 0 1 1 1 1 0 0 1 0 0 0 1 0 1 1 1 0 0 0 1 1 0 0 0 0 0 1 0 0 1 1 1 1 0 0 0 1 0 0 1 1 0 
1 1 1 0 0 0 0 1 1 1 1 1 1 0 0 0 1 1 0 0 1 1 0 1 1 0 0 0 1 1 1 1 0 1 0 1 1 1 1 1 1 0 1 0 1 1 0 1 1 1 1 1 0 1 0 1 0 0 1 1 0 1 0 1 1 0 0 1 1 1 1 0 1 1 0 0 0 0 0 1 1 1 0 0 0 1 1 1 1 0 0 0 0 0 1 0 0 0 1 0 1 1 1 1 1 0 1 1 1 0 0 1 0 1 1 1 0 0 0 0 1 1 1 0 0 0 0 0 0 1 1 0 1 0 1 0 1 0 0 0 0 0 1 0 0 1 0 1 1 1 1 0 0 1 1 1 0 0 1 1 
1 0 1 1 0 0 0 1 1 0 0 1 0 0 1 0 0 1 0 0 0 0 0 1 0 1 1 0 1 0 1 0 0 1 0 1 0 1 0 0 1 1 1 0 1 0 0 1 1 1 1 1 0 1 0 1 0 0 1 0 0 0 0 1 1 0 0 1 0 0 1 0 1 1 0 0 0 0 0 0 0 1 1 1 0 1 0 1 1 0 1 0 1 0 0 0 0 0 0 0 1 0 1 0 1 1 0 1 0 1 0 1 0 1 0 0 0 0 0 1 0 1 1 1 0 0 1 0 0 1 1 1 1 1 1 0 0 1 1 1 1 1 0 0 1 1 0 1 0 1 1 0 0 1 1 0 0 0 0 1 
0 0 1 0 0 0 1 1 1 1 1 1 0 0 0 1 0 1 0 0 0 0 1 1 1 1 0 1 1 0 0 0 0 1 0 1 1 1 0 0 0 0 1 0 1 0 0 1 0 1 1 0 1 1 0 1 0 0 1 1 1 0 0 0 1 0 0 1 0 0 1 1 1 1 0 0 0 0 0 0 0 1 1 1 0 1 1 1 1 0 1 0 0 0 1 1 0 0 1 1 0 0 1 0 0 0 1 0 1 1 1 1 0 0 0 1 0 0 0 0 0 1 1 1 0 0 1 1 0 1 0 1 1 0 0 0 1 1 1 1 0 1 1 0 0 0 0 1 1 1 0 0 0 1 0 0 0 0 1 0 
1 0 0 1 0 0 1 1 1 0 1 1 0 0 1 0 0 1 0 0 0 1 0 0 1 1 1 1 1 1 0 0 0 1 0 1 0 1 0 1 1 1 1 0 1 0 0 1 1 0 1 1 0 1 0 1 1 0 0 1 0 0 0 0 1 1 0 1 0 1 1 1 1 1 0 0 0 0 0 1 0 1 0 0 0 1 1 0 1 0 0 0 1 0 1 0 0 0 0 1 1 1 1 0 1 1 1 1 1 1 1 1 0 1 0 0 1 0 0 1 1 1 1 1 0 0 1 1 0 1 1 0 1 1 1 0 1 1 0 0 1 0 0 0 1 0 1 1 1 1 1 0 0 1 1 0 0 1 0 1 
0 1 1 0 0 1 0 1 1 0 0 1 1 0 0 1 0 1 0 0 0 1 1 1 0 0 1 0 1 1 0 1 0 1 0 1 0 0 0 0 1 0 1 0 1 0 0 0 1 1 1 1 1 1 0 0 1 0 0 1 1 0 0 0 1 0 0 1 1 1 1 0 1 1 0 0 0 1 0 1 0 1 1 1 0 1 1 1 1 1 1 0 0 0 1 0 0 0 0 1 0 0 0 0 1 1 1 1 1 0 1 1 0 0 1 0 0 0 0 1 1 1 1 1 0 1 0 0 0 1 0 0 1 0 1 0 1 1 0 0 1 1 1 0 1 1 0 1 0 1 0 0 0 0 0 0 0 1 1 1 
0 1 1 0 0 1 0 0 1 0 1 0 1 0 1 1 0 1 0 0 1 0 0 0 1 1 1 0 1 1 1 1 0 1 1 1 1 1 0 1 1 1 1 1 1 0 0 1 1 1 1 1 1 1 1 0 1 0 1 1 0 0 1 0 0 0 0 0 0 0 1 0 1 1 0 0 0 0 0 1 1 1 1 0 0 1 0 0 1 0 1 0 1 0 1 0 0 0 0 0 0 0 1 0 1 0 0 1 1 0 0 0 0 1 1 0 0 0 0 1 1 1 1 0 1 1 0 0 0 1 1 0 1 0 1 0 1 0 0 0 0 1 1 0 0 1 1 0 1 1 1 0 1 0 0 0 0 1 0 1 
0 0 1 0 1 1 0 1 1 0 0 1 1 0 1 0 0 1 0 0 1 0 1 0 1 0 1 1 0 1 1 1 0 1 1 1 1 1 1 1 0 1 1 0 1 0 0 0 1 1 1 1 1 0 0 0 0 0 1 1 0 0 0 0 1 0 0 1 0 0 1 0 1 1 0 0 0 0 0 1 1 1 1 1 0 1 0 0 1 0 1 0 0 0 0 0 0 0 0 1 0 1 1 0 0 1 1 1 1 1 0 1 0 1 0 1 0 0 0 0 1 1 1 0 1 1 0 0 1 0 1 0 1 1 1 0 0 1 0 0 1 0 0 0 1 1 0 1 0 0 0 0 0 1 0 1 0 1 1 1 
0 1 1 1 0 0 1 1 1 1 0 1 1 0 1 1 1 1 0 0 1 0 1 1 1 1 1 0 1 1 1 1 0 1 1 1 1 1 1 1 1 0 1 0 1 0 0 1 0 1 1 1 1 1 1 0 0 0 1 1 0 1 0 1 1 0 0 1 1 0 1 1 1 1 0 0 0 0 0 1 1 1 0 0 0 1 1 1 1 0 1 0 0 0 1 0 0 0 1 1 0 1 1 1 0 1 1 0 1 0 0 1 0 1 1 0 0 0 0 1 0 1 1 1 1 0 0 0 0 1 0 0 1 0 1 0 1 1 1 0 1 1 0 1 1 1 0 0 1 1 1 0 0 1 1 1 0 1 1 1 
1 1 1 0 1 1 0 1 1 0 0 1 1 0 1 1 1 1 0 0 1 1 0 1 0 0 1 0 1 1 0 0 0 1 1 1 1 1 0 0 1 0 1 0 1 0 0 1 0 1 0 1 0 0 0 1 0 0 1 1 1 1 0 0 1 0 0 1 0 0 0 0 1 0 0 0 0 0 0 1 0 1 0 1 0 1 1 0 1 1 1 0 0 0 0 0 0 0 1 1 1 0 1 0 1 0 1 0 0 0 1 1 0 1 0 0 0 0 0 1 0 1 1 0 0 0 0 0 1 1 0 0 1 0 1 0 1 1 0 1 1 0 1 0 0 1 0 1 1 1 0 0 1 0 0 0 0 1 1 1 
0 0 1 0 1 0 0 1 1 0 1 1 0 0 1 0 0 0 0 0 1 1 1 1 0 0 1 1 0 1 1 1 0 1 1 1 1 1 1 1 1 1 1 0 1 0 0 1 1 1 1 1 0 1 0 0 0 0 0 1 1 0 0 0 1 0 0 1 0 0 1 1 1 1 0 1 0 0 0 1 0 1 0 1 1 1 1 1 1 0 1 0 1 0 1 1 0 1 1 1 0 0 0 0 0 0 1 1 1 0 0 1 0 1 0 0 0 0 0 1 1 1 0 0 1 1 0 1 0 1 0 0 0 0 1 0 0 1 0 0 0 1 1 0 1 1 0 0 1 1 0 0 1 1 1 1 0 0 1 1 
1 1 0 0 1 0 0 1 1 1 1 1 0 0 1 1 1 1 0 0 1 0 0 1 0 0 1 1 1 0 0 1 0 1 1 1 0 0 0 1 0 0 1 0 1 0 0 1 1 1 1 1 1 1 0 1 0 0 1 1 1 0 0 0 1 0 0 1 0 1 1 1 1 0 0 0 0 0 0 1 0 1 0 0 0 1 1 1 1 0 1 0 1 0 0 0 0 1 1 0 0 0 1 0 1 0 0 1 1 0 1 1 0 1 0 1 0 0 0 1 0 1 1 1 1 1 0 0 0 1 1 1 0 1 1 0 0 1 1 0 0 1 1 1 1 1 1 1 0 1 0 0 1 0 0 0 0 1 0 1 
0 0 1 1 0 1 0 1 1 0 1 1 1 0 0 1 1 1 0 0 1 1 1 0 1 1 1 1 1 0 0 0 1 0 1 1 1 1 0 0 1 1 1 0 1 0 0 1 1 1 1 1 1 1 1 0 1 1 1 1 1 1 0 0 1 1 0 1 0 0 1 1 1 1 0 0 1 0 0 1 1 0 1 0 0 1 1 1 1 0 0 0 0 1 1 0 0 1 1 1 1 1 1 1 1 1 0 1 1 1 0 1 0 0 0 0 0 0 0 0 1 1 1 0 1 1 0 1 0 1 0 1 0 0 1 0 0 1 0 0 1 1 0 0 1 0 1 0 1 1 1 0 0 0 0 0 0 0 0 1 
0 1 1 0 0 1 0 1 1 0 1 1 1 1 1 0 0 1 0 0 1 1 0 1 1 0 1 1 1 1 0 0 0 1 0 0 0 0 0 1 1 0 1 0 1 0 0 1 0 1 1 1 0 0 0 0 0 0 1 1 0 0 0 0 1 0 0 1 0 0 1 1 1 1 0 0 0 1 0 1 1 1 1 1 0 1 0 0 0 0 0 0 0 0 0 0 0 0 1 1 0 0 1 0 0 0 1 0 1 1 0 0 0 1 0 0 0 0 0 0 1 1 1 0 0 0 1 1 0 1 1 1 1 0 1 0 1 1 1 0 1 1 0 0 0 0 0 1 1 1 1 0 0 0 0 1 0 0 0 0 
1 1 0 0 0 0 0 1 1 1 1 1 0 0 0 1 0 1 0 1 0 1 0 1 0 0 1 0 1 1 0 0 1 1 1 1 1 0 0 1 1 1 1 0 1 0 0 0 0 1 1 0 1 0 0 0 0 0 1 1 0 0 0 0 0 0 0 0 0 0 1 0 0 1 0 0 0 0 1 1 0 0 0 1 0 1 1 1 1 0 0 0 1 0 0 0 0 1 0 1 0 0 1 0 1 0 0 1 1 0 0 1 0 1 0 0 0 0 0 1 0 1 1 0 1 1 1 0 0 1 0 1 1 1 1 0 0 1 0 0 1 1 1 0 1 0 0 1 0 1 1 0 1 0 1 1 0 0 1 1 
0 0 0 0 0 0 1 1 1 0 1 0 1 0 0 0 0 1 0 0 1 0 0 1 1 0 1 0 1 0 1 1 0 0 0 1 0 1 0 1 1 1 0 0 1 0 0 0 0 1 1 0 0 1 1 1 0 0 1 0 0 1 0 1 1 0 0 1 1 0 1 1 1 1 0 0 1 0 0 0 1 0 1 1 0 1 1 1 1 0 0 0 0 0 1 1 0 1 0 1 0 0 1 0 1 0 1 1 1 0 0 0 0 1 0 0 0 0 0 0 1 1 1 0 0 0 1 1 0 1 1 1 1 0 1 0 1 0 1 0 1 0 0 0 1 0 0 1 1 1 1 0 1 0 1 1 0 1 1 0 
0 1 1 1 1 1 0 1 1 1 1 1 1 0 0 1 0 1 0 0 1 0 0 1 1 1 1 0 1 1 1 1 0 1 1 1 1 1 1 1 0 0 1 0 1 0 1 1 1 1 1 1 0 1 0 0 0 0 1 1 1 0 0 0 1 0 0 1 0 0 1 0 1 1 0 0 0 0 0 1 0 1 0 0 0 1 0 0 1 0 0 0 1 0 0 1 0 0 0 0 0 0 1 1 1 0 0 1 0 0 1 1 0 1 0 0 0 0 1 0 0 1 1 1 1 0 0 1 0 1 0 1 0 0 0 0 1 0 1 0 0 0 1 0 1 1 0 1 0 1 0 0 0 0 1 0 0 1 1 1 
0 1 1 0 0 1 0 1 1 0 1 1 1 0 0 1 0 1 0 0 1 1 1 1 1 0 0 1 1 1 1 1 0 0 1 1 0 1 0 1 1 0 0 0 1 0 0 1 1 1 1 1 0 1 1 0 0 0 1 1 0 0 0 0 1 0 0 1 0 1 0 1 1 1 0 0 1 0 0 0 1 1 0 1 0 1 0 1 1 0 0 1 0 0 0 0 0 1 1 1 1 1 1 0 1 0 0 1 1 0 1 1 0 1 1 0 0 0 0 1 1 1 1 1 0 0 0 0 0 1 0 0 1 0 1 0 1 1 1 0 1 0 0 0 1 1 0 1 1 0 1 0 0 1 0 0 0 1 1 1 
0 1 1 0 1 0 0 0 1 0 0 1 1 0 1 0 0 1 0 0 0 1 0 1 1 1 1 0 1 0 1 1 0 1 0 1 0 1 1 1 0 0 1 0 1 0 0 1 0 1 1 1 1 1 0 0 0 0 1 1 0 0 0 0 1 0 0 1 0 0 1 0 1 0 0 0 0 0 0 1 1 1 0 1 0 1 1 0 1 0 1 0 1 0 1 0 0 0 1 0 1 1 1 0 0 0 0 1 1 1 1 1 0 1 0 1 0 0 0 1 1 1 1 1 0 0 0 1 0 1 0 1 1 1 0 0 0 1 1 0 0 0 1 0 1 1 0 0 1 1 1 0 1 1 1 0 0 1 0 0 
1 0 1 0 1 0 0 1 1 1 1 1 0 0 1 1 0 1 0 0 1 0 1 0 1 0 1 1 1 1 1 1 0 1 0 1 0 0 1 1 0 1 1 1 1 1 0 1 1 1 1 1 1 1 0 1 1 0 1 0 1 0 0 0 1 0 0 1 0 0 1 0 1 1 0 0 1 0 0 1 0 1 0 0 0 1 0 1 1 0 0 0 0 0 1 0 0 1 1 0 1 0 1 1 1 0 0 1 1 1 0 1 1 1 1 1 0 0 1 1 1 1 0 0 0 0 0 0 0 1 0 1 1 0 1 0 0 1 0 0 1 1 1 0 0 0 0 0 1 1 1 0 0 0 1 0 0 0 1 0 
1 0 0 1 0 1 1 1 1 0 1 1 0 1 0 0 0 1 0 1 1 1 0 0 0 0 1 1 1 1 1 1 0 1 0 0 1 1 1 1 0 1 1 0 1 0 0 1 0 0 1 1 0 1 1 0 1 0 0 1 0 0 0 0 1 0 1 1 0 0 1 0 1 1 0 0 1 0 1 1 1 0 1 1 0 1 1 1 1 0 1 0 1 0 1 0 0 1 1 1 1 1 1 0 1 0 1 1 1 0 0 1 1 0 1 1 0 0 1 1 1 1 1 0 0 1 0 0 0 1 1 0 1 0 1 0 1 0 1 0 1 0 1 0 0 0 0 1 0 1 1 0 0 0 0 0 0 1 0 1 
1 1 1 0 0 0 0 1 1 0 0 1 1 1 1 0 0 1 0 0 0 1 1 0 1 0 1 0 1 1 1 0 0 1 0 1 1 1 1 1 0 0 1 0 1 0 0 0 0 1 1 1 1 0 0 0 0 0 1 0 1 0 0 0 1 0 0 1 0 1 1 0 0 1 0 1 0 0 0 1 1 1 0 1 0 1 0 0 1 0 0 0 1 0 0 0 0 0 1 1 0 1 1 0 1 0 1 1 1 1 0 0 0 1 1 0 0 0 0 1 1 0 1 1 0 0 0 1 0 1 0 1 1 1 1 0 0 0 0 0 0 1 0 1 0 1 0 0 0 1 1 0 1 1 0 0 0 0 1 1 
0 0 0 0 0 0 0 1 1 1 1 1 1 0 0 1 0 1 0 0 1 0 0 0 0 0 1 0 0 1 1 0 0 1 1 1 0 1 1 1 0 1 0 0 1 0 0 0 0 1 1 1 0 1 1 0 0 1 1 1 1 0 0 0 1 0 0 1 0 0 1 1 0 1 0 0 0 0 0 0 1 1 0 1 1 1 0 1 1 0 0 0 1 0 0 0 0 0 0 1 0 0 1 1 1 0 0 1 1 0 0 0 1 1 0 0 0 0 0 1 1 1 1 0 1 1 0 1 0 1 0 0 0 0 1 1 1 1 1 0 0 0 1 0 0 0 0 1 0 1 1 0 1 1 0 1 0 1 0 0 
1 1 1 0 0 1 0 1 1 0 0 1 1 0 0 0 0 0 0 0 0 1 0 0 1 0 1 1 1 1 1 1 0 1 0 1 0 1 1 1 0 0 1 0 1 0 0 1 1 1 1 1 1 1 0 1 0 1 1 1 1 0 0 0 1 0 0 1 0 1 0 0 1 1 0 0 1 0 0 0 0 1 0 1 0 0 0 1 1 0 0 0 0 0 0 0 0 0 0 0 0 1 1 1 1 0 0 1 1 1 0 1 0 1 0 1 1 0 0 1 1 1 1 1 0 1 0 1 0 1 1 1 1 0 1 0 1 0 0 1 0 1 0 0 1 0 0 1 0 1 0 0 0 1 1 1 0 1 1 0 
0 0 0 0 1 0 0 1 1 1 0 1 0 0 1 1 0 1 0 1 0 1 0 1 0 0 1 1 1 1 0 1 0 1 0 1 1 0 1 1 1 1 1 0 1 1 0 1 1 1 1 1 0 1 1 0 1 0 1 1 0 1 0 0 1 0 0 1 0 1 1 1 1 1 0 0 0 0 0 0 0 1 1 1 0 1 0 0 0 0 0 1 1 0 0 1 0 1 0 1 0 0 1 1 1 0 1 0 1 0 1 1 1 0 0 0 0 0 0 1 1 1 1 0 0 0 1 0 0 0 1 0 1 0 1 0 1 1 1 0 0 0 1 0 0 0 1 0 0 1 0 0 0 0 0 0 0 0 1 1 
0 0 1 1 0 0 0 1 1 1 0 1 1 1 1 1 0 1 0 0 1 0 1 1 1 0 1 1 1 1 1 1 0 1 0 1 1 1 1 1 0 0 0 0 1 0 0 1 0 1 1 0 1 0 0 0 0 0 1 1 0 0 0 0 1 0 0 1 0 1 0 1 1 1 0 0 0 0 0 0 0 1 1 0 0 0 1 1 1 0 0 1 0 0 1 0 0 1 0 1 0 1 1 0 1 0 1 1 1 0 0 1 1 1 1 0 0 0 0 0 1 1 1 1 0 0 0 0 0 1 0 1 1 1 0 0 0 1 1 0 1 1 0 0 1 1 0 0 0 1 0 1 1 1 0 0 0 1 1 1 
1 0 0 0 0 1 0 1 1 0 1 1 0 1 0 0 0 0 0 0 1 0 0 0 0 0 1 0 1 1 0 1 0 1 0 1 1 1 0 1 0 1 1 0 0 0 0 0 0 0 1 0 1 1 0 0 1 0 0 1 0 0 0 0 1 0 0 1 1 0 0 0 1 1 0 0 0 0 1 1 0 1 0 1 1 1 1 1 1 0 1 0 0 0 0 1 0 0 1 1 0 1 1 0 1 0 1 1 1 1 0 1 0 1 1 0 0 0 0 1 0 1 1 0 1 0 1 0 1 1 0 1 0 0 1 0 0 0 0 0 1 0 0 0 0 1 0 1 0 1 1 0 1 0 1 0 0 1 1 0 
0 0 1 0 0 0 0 1 1 1 0 1 0 0 1 1 0 1 0 0 1 0 0 0 0 0 1 1 1 0 1 0 0 1 0 1 1 0 1 1 1 0 1 0 1 0 0 1 1 0 1 0 1 0 1 0 0 1 1 1 0 0 0 0 1 0 0 1 0 0 0 1 1 1 0 0 0 0 1 1 0 1 1 1 0 1 0 1 1 0 0 1 0 0 0 1 0 1 0 1 1 0 1 0 1 0 1 1 1 0 0 0 1 1 1 0 0 0 0 1 1 1 0 1 0 0 1 1 0 1 0 1 1 0 1 0 0 1 0 0 0 1 0 1 1 0 0 1 0 1 1 0 1 0 0 1 0 1 1 1 
0 0 1 1 0 1 0 1 0 1 0 1 1 0 1 1 0 1 0 0 1 1 0 0 1 0 1 0 0 1 1 0 0 1 0 1 1 1 1 1 1 0 0 0 1 0 0 1 1 1 1 1 0 1 0 1 1 0 0 1 0 1 0 0 1 0 0 1 0 0 0 0 1 1 0 0 1 0 0 1 1 1 1 1 0 1 0 0 0 0 0 0 0 0 0 0 0 0 0 0 1 0 1 1 1 0 0 1 1 1 0 1 1 0 1 0 0 0 0 1 1 0 1 0 1 0 1 1 0 1 0 1 0 1 1 0 0 0 1 0 1 1 1 0 0 0 1 1 0 1 1 0 0 1 0 1 0 0 1 1 
0 0 1 0 0 1 0 1 1 0 1 1 0 0 1 1 0 1 0 0 1 1 1 0 0 0 1 0 1 1 0 1 0 1 0 0 1 1 0 1 0 0 1 0 1 0 0 0 1 1 1 1 0 1 0 0 0 0 1 1 0 1 0 0 1 0 0 1 0 0 0 0 0 1 0 0 0 0 0 1 1 1 1 0 1 1 1 1 1 0 1 0 0 0 0 1 0 0 1 1 0 1 0 1 1 1 1 0 1 1 0 1 0 1 0 0 0 0 0 1 0 1 0 0 0 0 0 0 0 1 1 1 0 1 0 0 1 1 1 0 1 1 1 0 1 0 1 1 0 1 1 0 0 0 0 0 0 1 1 1 
0 0 1 0 1 1 1 1 1 1 0 1 1 0 0 1 0 1 0 0 0 1 1 0 1 1 1 1 1 1 1 0 0 0 0 1 1 0 0 0 1 0 1 0 1 0 0 0 1 1 1 1 1 0 1 1 1 0 1 0 0 0 0 0 1 0 0 1 0 1 1 0 1 1 0 0 1 0 0 1 0 1 1 0 0 1 1 1 1 0 1 0 1 0 1 0 0 0 0 1 0 1 1 1 0 0 0 1 0 0 0 1 0 1 0 0 0 0 0 1 1 1 1 1 0 1 1 0 0 1 1 0 0 1 1 0 0 0 1 0 1 1 1 0 1 0 0 1 0 1 1 0 0 0 1 0 0 0 1 0 
0 1 1 1 0 1 0 1 1 0 1 1 1 1 1 0 0 1 0 0 1 1 0 1 0 1 1 1 0 1 1 0 0 1 0 1 1 0 1 1 1 0 1 0 1 0 0 1 1 0 1 1 0 1 0 1 0 0 1 1 0 1 0 0 1 0 0 1 0 0 1 0 1 1 0 0 0 0 0 1 0 1 0 1 0 0 1 1 0 0 1 0 0 0 0 0 0 1 0 1 1 0 1 0 1 0 0 1 1 0 0 0 0 1 1 0 0 0 0 1 1 1 1 0 1 1 1 0 0 1 0 0 1 1 1 0 0 1 1 0 1 0 0 0 0 0 1 0 0 1 1 0 1 0 1 0 0 1 1 1 
0 0 1 1 0 1 1 1 1 1 0 1 0 1 1 1 0 1 0 0 1 0 1 1 1 1 1 0 1 1 0 0 1 1 0 1 0 0 1 0 1 0 1 0 1 0 0 1 1 1 1 0 1 1 0 0 1 0 1 0 0 0 0 0 1 0 0 1 0 0 0 1 1 1 0 1 0 0 0 1 0 1 1 0 0 0 0 0 1 0 0 0 0 0 1 0 0 0 1 1 1 0 1 0 1 0 0 1 0 0 0 1 0 1 0 0 0 0 0 0 1 1 1 1 1 0 0 0 0 1 0 0 1 1 0 0 0 1 0 1 0 1 1 1 1 0 1 1 0 1 0 0 1 0 1 1 0 0 1 1 
