50 50
4 12 18 10 4 10 13 27 33 34 42 7 13 27 28 21 40 28 6 30 3 6 31 2 18 10 45 44 15 28 10 20 1 8 35 19 4 21 25 24 34 21 41 26 24 9 12 46 31 19 
7 34 5 7 10 16 37 28 12 49 31 45 48 21 18 48 12 35 42 8 49 18 26 30 11 49 20 8 19 39 42 37 13 26 14 35 19 14 35 24 45 46 36 17 40 8 5 5 26 13 
-1
0 1 1 0 0 0 1 0 0 0 0 1 1 0 0 1 0 0 1 1 1 1 0 0 1 0 0 1 0 1 1 0 1 0 1 1 0 0 0 1 1 0 0 0 1 1 1 0 0 0 
1 1 0 0 0 1 1 0 0 0 1 0 1 0 1 1 0 0 1 1 0 1 1 0 1 0 1 1 0 1 1 1 1 0 1 1 1 0 0 0 1 0 1 1 0 1 1 1 0 0 
1 0 0 0 0 0 1 0 0 1 0 0 1 0 1 1 0 1 1 0 1 1 1 0 1 0 0 1 0 1 1 1 1 0 1 1 0 1 0 0 1 0 1 0 1 1 0 0 0 0 
0 1 1 0 0 1 1 1 0 1 0 1 1 0 0 1 0 0 1 0 1 1 1 0 0 0 0 1 1 1 1 1 0 0 1 1 1 0 1 0 1 0 0 0 1 1 1 1 0 0 
1 1 1 0 0 1 1 1 0 0 1 0 0 0 0 1 0 0 1 1 1 1 1 0 1 0 0 1 0 1 1 0 0 1 1 1 1 0 0 0 1 0 1 1 0 1 1 1 0 0 
0 0 1 0 0 0 1 0 0 0 0 0 1 0 0 1 0 1 0 1 1 1 1 0 0 0 0 1 0 1 1 1 1 0 0 1 1 0 1 0 1 0 0 1 1 1 1 0 0 0 
1 1 0 0 0 1 1 0 0 1 1 0 0 0 0 1 0 1 1 1 1 0 1 0 1 0 1 1 0 1 1 1 1 0 1 1 1 0 1 1 0 0 0 0 0 1 1 1 1 0 
1 0 1 1 0 1 1 0 0 0 1 0 1 0 0 1 0 1 1 1 1 1 0 0 1 0 0 1 0 1 1 0 1 0 0 1 0 1 1 0 1 0 0 0 0 1 1 0 1 0 
1 0 0 0 0 1 1 0 1 1 1 0 0 0 1 1 0 1 1 1 1 0 1 0 0 0 0 1 1 1 1 1 0 0 1 1 1 1 1 0 1 0 0 0 0 1 1 1 0 0 
0 0 1 0 0 1 1 0 0 0 0 0 0 0 0 1 0 0 0 1 1 0 0 0 0 0 1 1 0 1 1 1 0 0 0 1 1 0 0 0 1 0 0 0 0 1 1 1 0 1 
0 0 1 0 0 1 1 1 1 0 1 1 0 0 0 1 0 1 1 1 1 1 1 0 1 1 0 1 0 1 0 0 1 1 1 1 1 0 0 0 1 0 0 1 0 1 1 1 0 0 
1 1 0 1 0 1 1 0 0 1 1 0 1 0 0 1 0 1 1 1 1 1 1 0 0 0 0 1 1 1 0 0 1 0 0 1 1 0 0 0 1 0 1 0 1 1 0 0 0 0 
1 0 1 0 0 1 0 0 0 0 1 0 0 0 0 0 0 1 1 1 1 1 1 0 0 0 1 1 0 1 1 1 1 1 1 1 1 0 1 0 1 0 0 1 1 1 1 0 0 0 
0 1 0 0 0 0 1 0 0 0 1 1 1 0 1 1 0 0 1 1 1 1 1 1 0 0 0 1 0 1 1 1 0 0 0 1 1 0 1 0 1 0 1 0 0 1 0 0 0 0 
1 0 1 0 0 1 1 1 0 0 1 1 0 0 0 0 0 0 1 1 1 0 1 0 1 0 1 1 0 1 1 0 1 1 1 1 1 0 0 0 1 0 0 1 1 1 1 1 0 1 
1 0 0 1 0 0 1 0 0 0 0 1 0 0 0 0 0 0 1 1 1 1 1 0 1 0 0 1 1 1 1 0 1 0 1 1 0 0 0 0 1 0 0 1 1 1 1 0 1 0 
1 1 0 0 0 1 1 0 1 1 1 1 0 0 1 0 0 0 1 1 1 1 1 0 1 0 1 1 1 1 1 1 0 0 0 1 1 0 0 0 1 0 0 1 0 1 1 0 0 0 
1 0 0 1 0 1 1 0 0 0 0 0 0 0 1 1 0 0 1 1 1 1 1 1 0 0 0 0 1 0 1 1 1 0 1 1 1 1 1 0 1 0 0 1 0 1 0 1 1 0 
0 0 1 0 0 0 1 1 0 1 1 0 0 0 1 1 0 1 1 1 1 1 1 0 0 0 0 0 0 1 1 0 1 0 1 1 0 0 1 0 1 0 0 0 0 1 1 0 1 1 
0 0 1 0 0 1 1 0 0 0 1 0 1 0 0 1 0 0 1 1 1 1 1 0 1 0 1 1 0 1 0 1 1 0 1 1 0 0 1 0 1 0 0 0 0 1 0 0 1 0 
1 0 1 1 0 0 1 0 0 0 0 1 1 0 1 1 0 1 1 1 1 1 1 0 1 0 1 1 0 1 1 0 1 0 0 1 0 1 0 0 1 0 1 0 0 1 0 0 1 0 
1 0 0 0 0 1 1 0 0 0 1 1 0 0 0 1 0 1 0 1 1 1 0 0 1 0 1 1 0 1 1 0 0 0 1 1 0 0 1 0 1 0 1 0 0 0 1 0 0 0 
1 0 0 1 0 0 1 1 0 0 0 1 0 1 0 0 0 1 1 1 1 1 1 0 1 0 0 1 1 1 0 1 1 0 1 1 1 0 1 0 1 0 0 0 1 1 0 1 0 0 
1 0 1 0 0 1 1 0 0 0 1 0 0 0 0 1 0 0 1 1 1 1 0 0 0 0 1 1 0 1 1 0 0 0 1 1 0 0 1 0 1 0 1 1 0 1 1 0 1 0 
1 0 0 0 0 0 1 1 1 0 1 0 1 0 0 1 0 0 1 1 1 1 0 0 1 0 0 1 0 1 1 1 0 0 1 1 1 0 0 0 0 0 0 0 0 1 1 0 1 1 
1 1 0 1 0 0 1 1 0 1 1 1 0 1 0 1 0 1 0 1 1 1 0 0 1 0 1 0 0 1 1 1 0 0 0 1 1 0 1 0 1 0 0 0 1 1 0 0 0 1 
1 1 1 0 0 1 1 0 0 1 0 0 1 0 1 1 0 1 1 1 1 1 1 0 0 1 0 1 0 1 0 1 0 0 0 1 0 0 0 0 1 0 0 0 1 1 1 0 0 1 
1 0 1 0 0 1 1 1 0 0 1 1 1 0 1 0 0 1 1 1 1 1 1 0 1 0 0 1 0 1 1 1 1 1 1 1 0 0 0 0 1 1 0 0 0 1 1 0 0 0 
1 0 0 0 0 1 1 0 0 1 0 1 0 1 0 1 0 0 1 1 1 0 1 0 0 0 0 1 0 1 1 1 0 0 1 1 1 0 0 0 1 0 0 0 1 1 1 1 0 0 
1 0 1 0 0 0 1 0 0 1 1 1 0 0 0 1 0 0 1 0 0 1 1 0 1 0 1 1 1 0 1 1 1 0 1 1 1 0 0 0 1 0 0 1 1 1 1 0 0 1 
1 0 0 0 0 0 1 0 0 1 1 1 0 0 1 1 1 0 1 0 1 0 1 0 0 0 1 1 0 1 0 1 1 0 1 1 0 1 0 0 1 0 0 1 0 1 1 1 1 0 
0 0 0 0 0 0 1 0 0 0 1 0 0 0 1 1 0 1 1 1 1 1 0 0 1 0 1 1 0 1 1 1 0 0 1 1 0 0 1 0 1 0 0 1 0 1 0 0 1 0 
1 0 1 0 0 1 1 0 0 0 0 1 1 0 0 0 0 0 1 1 1 1 1 0 0 0 0 1 1 1 1 1 1 0 0 1 1 0 0 0 0 0 0 1 0 0 1 0 1 0 
1 0 1 0 0 1 1 0 0 0 0 1 0 0 0 1 0 0 1 1 1 1 1 0 1 0 0 1 0 1 1 1 0 0 1 1 0 0 0 0 1 0 0 1 0 1 1 1 1 1 
0 0 0 0 0 1 1 0 0 0 1 1 0 0 1 1 0 1 1 1 1 1 1 0 1 1 0 1 0 1 1 1 0 0 1 1 1 0 0 0 1 0 0 1 1 1 1 0 1 0 
1 1 1 0 0 0 1 1 0 1 0 1 1 0 1 1 0 0 1 1 1 1 1 0 0 0 1 1 0 0 1 0 1 0 1 1 1 0 0 0 1 0 0 1 1 1 1 1 1 0 
1 0 0 0 0 0 1 0 1 0 1 0 0 0 0 1 0 1 1 1 1 1 1 0 1 0 0 1 0 1 1 0 0 0 1 1 0 0 0 0 1 0 0 0 0 1 0 0 1 0 
1 0 0 0 0 0 1 0 0 0 1 0 1 0 0 1 0 0 1 1 1 1 0 0 1 0 0 1 0 1 1 1 0 0 1 1 0 0 1 0 1 0 0 1 1 1 0 1 0 0 
1 0 1 0 0 0 0 0 0 1 0 0 1 0 0 1 0 1 0 1 1 1 1 0 1 0 0 1 0 1 1 1 0 1 0 1 1 0 0 0 1 0 0 0 0 1 1 0 0 0 
1 0 1 0 0 1 1 0 0 0 1 1 0 0 1 1 0 1 1 1 1 1 0 0 1 0 0 0 0 1 0 1 0 0 1 1 0 1 0 0 1 0 0 0 0 1 1 0 1 0 
1 0 1 0 0 1 1 0 0 0 1 1 1 0 1 0 0 0 1 0 1 1 1 0 1 0 0 1 0 1 1 1 1 0 1 1 1 0 0 0 1 0 0 1 1 1 0 0 1 0 
1 0 0 0 0 1 1 1 0 0 1 1 1 0 1 1 0 0 0 1 1 1 1 0 1 0 1 1 1 0 1 1 1 1 0 1 1 0 0 0 1 0 1 1 1 1 1 0 1 1 
1 0 0 0 0 1 1 0 0 0 1 1 0 0 0 0 0 1 1 1 1 1 1 0 0 1 1 1 0 1 0 1 0 1 1 1 1 0 1 0 1 0 0 1 1 1 1 1 0 0 
0 0 0 0 0 0 1 1 0 0 1 1 1 0 0 0 0 0 1 1 1 1 1 1 0 0 0 1 0 1 0 1 1 1 1 1 0 0 0 0 1 0 0 1 0 1 0 1 0 0 
1 0 1 0 1 1 1 0 0 0 0 0 1 0 0 1 0 1 1 1 1 1 1 0 1 0 0 1 0 0 1 0 1 0 0 1 0 0 0 0 1 0 0 1 0 0 1 1 1 0 
1 0 1 0 0 0 1 1 1 1 1 0 1 0 0 1 0 0 1 1 1 1 1 0 1 1 1 0 0 1 0 1 1 0 1 1 0 1 0 0 1 0 0 1 0 1 0 1 1 0 
0 0 1 0 0 0 1 0 0 0 1 1 0 0 1 1 0 1 1 1 1 1 1 0 1 1 0 1 0 1 0 1 1 1 0 1 0 0 0 0 1 0 0 0 1 1 1 1 1 0 
1 0 1 0 0 1 1 0 0 0 1 1 0 0 0 1 0 0 0 1 1 1 1 0 1 0 0 1 0 1 0 1 0 0 1 1 0 0 0 0 1 0 1 0 1 1 1 0 1 0 
1 0 0 0 0 1 1 0 0 0 1 1 0 0 1 1 0 0 1 1 1 0 1 0 0 0 0 1 0 1 0 0 1 0 1 0 0 0 0 1 1 0 1 1 0 1 1 0 1 1 
1 0 1 0 0 1 1 0 0 0 1 1 1 0 0 1 0 1 0 1 0 1 1 0 0 0 0 1 0 1 1 0 1 0 0 1 0 1 1 0 1 0 0 1 0 1 1 0 0 0 
