80 80
51 17 70 40 43 66 34 20 77 56 32 77 68 7 4 79 66 74 61 51 72 79 2 42 79 60 16 74 4 17 67 6 12 62 76 34 38 77 45 76 29 17 37 30 25 6 10 25 11 10 43 2 66 53 15 77 60 61 6 27 22 5 59 10 43 55 18 28 26 45 31 60 46 32 35 44 36 67 71 46 
78 31 19 43 77 76 61 72 40 7 20 60 42 22 53 67 21 60 36 23 59 73 55 44 8 5 6 34 60 78 19 35 55 46 20 45 18 75 50 35 76 26 15 8 33 72 75 72 79 52 38 30 7 50 54 67 39 23 37 40 68 47 38 65 45 71 39 21 68 14 31 52 79 18 8 66 67 8 64 30 
-1
0 1 1 0 1 0 1 0 1 1 1 1 0 0 1 0 1 0 0 0 0 0 0 0 1 0 0 0 0 1 1 1 0 1 1 1 1 0 0 0 1 1 0 0 1 0 1 0 0 0 0 1 1 0 0 0 1 0 0 1 1 1 1 1 1 1 0 1 0 1 0 0 1 0 1 1 0 1 0 1 
0 1 1 0 0 1 0 0 0 1 1 1 0 0 1 0 1 1 1 0 0 0 0 0 1 0 0 1 0 1 1 0 0 1 0 1 1 0 1 1 1 1 1 1 0 0 1 1 0 0 1 0 1 0 0 1 1 0 0 1 0 0 1 1 1 0 1 1 0 1 1 0 1 0 1 1 0 0 0 1 
1 0 0 1 1 1 1 0 1 0 1 0 0 1 1 0 1 1 0 0 0 0 0 0 1 0 0 1 0 1 1 1 0 1 1 1 1 0 1 0 0 1 1 1 0 1 1 1 1 0 1 1 0 0 0 0 1 0 1 1 1 0 1 0 1 1 0 0 0 1 0 0 1 0 1 1 0 1 0 0 
0 0 0 0 1 0 0 0 0 1 1 0 0 0 0 0 1 1 1 0 0 0 0 0 1 0 0 1 0 0 1 1 0 1 1 1 1 0 0 0 0 1 0 0 1 0 1 1 0 0 1 0 1 1 0 0 1 0 0 1 1 1 1 1 1 0 0 1 0 1 0 0 1 0 1 1 0 0 0 1 
0 1 1 0 1 1 1 0 1 1 1 1 0 0 1 0 0 1 1 0 0 0 0 0 1 1 0 0 0 0 1 1 1 1 1 1 1 0 0 1 1 1 1 1 0 0 1 1 0 0 1 1 1 0 0 0 0 0 0 0 1 0 1 1 1 1 0 0 0 1 1 1 1 0 1 1 0 1 1 0 
1 0 1 0 1 1 1 0 1 0 1 1 0 0 1 0 1 1 1 1 0 1 0 0 1 0 0 1 0 1 1 0 1 1 1 1 1 1 1 0 1 1 1 0 1 0 1 1 0 0 1 0 1 0 0 0 1 0 0 0 1 1 1 1 1 0 0 0 1 1 0 0 0 0 1 1 0 1 0 1 
1 1 1 0 1 1 1 0 0 0 0 1 0 1 1 0 1 1 1 0 1 0 0 0 1 0 0 1 0 1 1 0 0 1 0 1 1 1 1 1 1 1 0 1 0 1 1 1 0 0 1 1 1 0 0 0 1 0 0 1 1 0 1 1 1 0 1 1 0 1 0 0 0 0 1 1 0 0 0 0 
0 0 1 1 1 1 1 0 1 1 1 0 0 1 1 0 1 1 1 0 0 1 0 1 0 0 1 1 0 1 1 1 0 1 1 0 1 0 0 1 1 1 1 1 1 0 1 1 0 0 1 1 1 0 0 0 1 0 0 1 0 0 1 1 1 0 1 0 0 1 0 0 0 0 1 0 0 1 1 0 
0 1 1 0 1 1 0 0 1 0 0 0 0 1 1 0 1 1 1 0 0 1 0 0 0 0 0 1 0 0 1 1 0 1 1 0 1 1 0 1 1 1 1 1 1 0 1 1 0 1 1 0 1 1 0 1 0 0 0 1 1 1 1 1 1 0 0 1 0 1 1 0 1 0 1 0 0 1 0 1 
0 1 0 1 1 1 1 0 1 1 0 1 0 0 1 0 1 1 1 0 0 0 0 0 1 0 1 1 0 1 1 1 0 1 1 1 1 0 0 1 1 0 0 1 0 0 1 1 1 0 1 0 1 1 0 0 0 0 0 1 0 1 1 1 1 0 0 0 0 1 0 0 1 1 1 1 0 1 1 0 
0 0 1 0 0 0 1 0 0 1 0 0 0 1 1 0 1 1 1 0 0 0 0 0 1 0 0 1 0 1 1 0 1 1 1 1 1 0 0 0 1 1 1 1 0 1 1 1 0 0 1 1 1 0 0 0 0 0 0 1 1 0 1 1 1 0 0 1 0 1 0 0 1 0 1 0 0 0 1 0 
1 1 1 1 0 0 1 0 1 0 0 0 0 1 1 0 1 0 0 0 0 1 0 0 1 0 1 1 1 1 1 1 0 1 1 1 1 0 1 0 1 0 0 0 1 0 1 1 0 0 1 0 1 1 0 0 1 0 0 1 1 0 1 0 1 1 1 0 0 1 0 1 0 0 1 1 0 0 0 1 
0 1 1 0 0 0 1 1 1 0 0 0 0 0 1 0 1 1 1 0 1 0 0 0 1 0 0 0 1 0 1 0 1 1 1 1 1 0 0 1 1 1 0 0 1 0 1 1 1 0 1 0 1 0 0 1 1 0 1 0 0 1 1 0 1 0 0 1 0 1 1 0 1 0 1 1 0 0 1 1 
1 1 1 0 0 1 1 0 1 1 0 0 0 1 1 0 1 1 1 1 1 1 1 0 1 0 1 0 0 0 1 1 0 1 1 0 0 0 0 0 1 0 1 0 0 0 1 1 0 0 1 0 1 0 0 1 0 0 0 1 1 0 1 0 0 1 0 1 0 1 0 0 1 0 1 1 0 1 0 0 
0 0 1 1 1 0 1 0 0 0 0 1 0 0 1 0 1 1 0 0 0 1 0 0 1 1 1 1 1 0 1 1 0 1 1 1 1 0 0 1 1 0 0 1 0 0 1 1 0 0 1 1 1 1 1 0 1 1 0 1 1 1 1 0 1 1 0 1 0 1 0 0 1 0 1 1 0 1 0 1 
0 0 1 0 1 1 0 0 1 0 0 1 1 1 1 0 1 1 1 0 0 1 0 0 0 0 1 0 1 0 1 1 0 1 1 1 1 0 1 1 1 0 1 0 0 1 1 1 0 0 1 1 1 1 0 1 0 0 0 0 1 1 1 1 1 0 0 0 0 1 1 0 0 0 1 1 0 1 0 0 
0 1 1 0 1 0 0 0 0 1 0 1 0 1 1 0 1 1 1 0 0 1 1 1 1 0 0 0 0 0 1 1 0 1 0 0 1 1 0 1 1 0 1 0 0 0 1 1 0 0 1 0 1 0 0 0 1 0 0 1 0 1 1 1 0 1 0 1 0 1 1 0 1 0 1 1 0 1 1 1 
1 1 1 1 1 0 1 0 0 1 0 0 0 1 1 0 0 0 0 0 1 0 0 0 1 0 1 0 0 0 1 1 1 1 1 1 1 0 0 1 1 1 0 1 1 0 1 1 0 0 1 0 1 1 0 0 0 1 0 1 1 0 1 1 1 0 0 0 0 1 1 0 0 1 1 1 0 0 1 1 
0 1 1 1 0 0 0 0 1 1 1 1 0 1 1 0 0 0 1 0 0 0 0 0 1 0 0 0 0 0 1 0 0 1 1 1 1 0 1 1 1 1 1 0 0 0 1 1 0 0 1 0 1 0 0 0 1 0 0 1 0 0 1 0 1 0 1 1 0 0 1 0 1 0 1 1 0 0 0 0 
0 1 1 1 1 1 1 0 1 0 0 0 0 0 1 0 1 1 0 0 1 1 1 0 1 0 0 1 0 0 1 1 1 1 1 1 1 0 0 1 1 0 0 0 0 1 1 1 0 0 1 0 1 0 0 0 1 0 0 0 0 0 1 0 1 1 1 0 0 1 0 0 1 0 1 1 0 1 1 1 
1 0 1 0 1 0 1 0 0 0 0 0 0 0 1 0 1 1 0 0 1 1 0 0 1 0 0 1 1 0 1 1 0 1 0 1 1 1 1 0 1 1 0 0 0 0 1 1 1 0 1 1 1 1 0 1 0 0 1 1 0 1 1 0 1 0 0 0 0 1 1 0 0 0 1 1 0 1 1 0 
1 1 1 1 1 0 1 0 1 1 1 0 0 1 1 0 1 0 1 0 0 0 1 0 0 0 0 1 1 0 1 1 0 1 1 1 1 1 0 0 1 1 0 0 1 1 1 1 0 0 1 1 0 0 0 0 1 0 0 0 1 0 1 0 1 1 1 0 0 1 0 0 1 0 1 0 0 1 1 1 
0 1 0 1 1 0 1 0 1 0 0 1 0 1 1 0 1 1 1 0 0 0 1 0 1 0 0 1 0 0 1 0 1 1 0 1 1 1 1 0 1 1 0 1 1 0 1 1 1 0 1 0 1 0 0 0 1 0 0 1 1 1 1 0 1 0 0 1 0 1 0 0 0 0 1 0 0 1 1 1 
0 0 1 1 1 0 1 0 1 1 0 0 0 0 1 0 1 1 1 0 1 1 1 0 1 0 0 0 1 0 1 1 0 1 0 1 1 1 0 1 1 1 0 1 0 0 1 1 1 0 1 0 1 0 0 0 1 0 0 0 0 1 1 1 1 1 1 1 0 1 0 0 1 1 1 1 0 1 1 1 
0 0 1 1 1 0 1 0 1 0 0 1 0 0 1 0 1 1 1 0 1 0 1 0 0 0 1 1 0 1 1 1 0 1 1 1 1 1 0 1 1 1 0 1 1 1 1 1 1 1 1 0 1 0 0 0 1 1 0 1 0 1 1 0 1 1 1 1 0 1 0 0 0 1 1 1 0 1 0 0 
0 0 0 0 1 1 1 0 0 0 0 1 0 0 1 0 1 1 0 1 0 1 1 0 1 0 1 0 1 0 1 0 0 1 1 1 1 0 1 0 1 0 0 0 0 1 1 1 0 1 1 1 1 0 0 0 0 0 0 1 1 0 1 0 1 0 1 0 0 1 0 0 0 1 1 0 0 0 1 0 
1 1 1 0 1 1 1 1 1 1 1 1 0 1 1 0 0 0 1 0 0 0 0 0 1 0 1 0 0 1 1 1 0 1 1 1 1 0 1 0 1 1 0 1 1 0 1 1 0 0 1 0 1 0 0 0 1 1 1 1 0 0 1 1 1 0 0 0 0 1 1 1 0 0 1 1 0 1 1 0 
0 0 1 0 0 1 1 0 1 0 1 1 0 1 1 0 1 1 1 0 0 0 0 0 1 0 0 0 0 0 1 0 1 1 1 1 1 1 0 0 1 1 0 1 0 0 1 1 0 1 1 1 1 0 0 0 1 0 0 1 1 0 1 0 1 1 1 1 0 1 1 0 1 1 1 1 0 0 1 1 
1 1 1 1 1 1 0 0 1 1 0 1 0 1 1 0 1 0 0 0 0 1 0 1 1 0 0 1 0 1 1 1 0 1 1 0 0 0 0 0 1 0 1 1 0 0 1 1 0 0 1 0 0 0 0 0 1 0 0 0 0 1 1 0 1 1 0 0 0 1 0 0 1 0 1 1 0 1 1 0 
0 1 1 0 1 1 0 0 1 0 0 1 0 0 1 0 1 0 1 0 0 1 1 0 0 0 0 0 0 0 1 1 0 1 1 1 1 1 1 0 1 1 1 0 1 0 1 1 0 1 1 0 1 1 0 0 0 1 0 1 1 1 1 0 1 1 1 0 0 1 1 1 1 0 1 1 0 0 0 0 
0 0 1 1 0 1 1 0 1 1 0 1 0 1 1 0 0 0 1 1 0 0 0 0 1 0 1 0 0 0 1 0 0 1 1 0 1 0 0 1 1 1 1 1 1 1 1 1 1 0 1 1 1 1 0 0 1 0 0 1 1 0 1 0 0 0 1 0 0 1 1 0 0 0 1 1 1 1 1 0 
0 0 0 0 1 1 1 0 1 0 0 0 1 1 1 0 1 1 0 0 0 0 0 0 1 0 1 1 0 0 1 1 0 1 1 1 1 0 0 0 1 1 1 1 1 1 1 1 0 0 1 1 1 0 0 1 1 0 0 1 1 0 1 1 1 1 1 1 0 1 1 0 1 1 1 1 0 1 0 1 
0 1 1 1 1 0 1 0 1 0 0 1 0 1 0 0 1 1 1 0 1 0 0 0 1 0 0 0 0 1 1 0 1 1 1 1 0 0 0 1 1 0 0 1 0 0 1 1 0 0 1 1 1 0 0 0 1 0 0 1 1 1 1 1 1 1 1 0 0 1 1 0 0 1 1 1 0 1 1 1 
1 1 0 1 0 1 0 0 1 0 0 0 0 0 1 0 1 1 0 0 0 0 0 0 1 0 0 0 1 0 1 1 0 1 1 1 1 1 0 1 1 1 0 1 0 0 1 1 0 1 1 1 0 0 0 0 0 0 0 1 0 1 1 0 1 1 1 1 0 1 0 0 1 1 1 1 0 0 1 0 
0 1 1 1 0 1 1 0 1 0 0 1 0 1 0 0 0 1 1 0 0 0 0 0 1 0 0 1 0 0 1 0 0 1 1 1 0 0 1 0 1 0 0 1 1 1 1 1 0 0 1 0 1 0 0 0 1 0 0 1 0 1 1 1 1 1 1 0 0 1 0 0 1 0 1 0 0 1 0 0 
0 0 0 1 1 0 0 0 1 0 0 0 0 1 1 0 1 1 1 0 1 0 0 0 1 0 1 0 0 1 1 0 0 1 1 1 1 1 0 1 1 0 0 1 0 0 1 1 0 1 1 1 1 0 1 0 0 0 1 1 1 0 0 0 1 0 0 1 0 1 0 0 0 0 1 1 0 0 1 1 
0 1 1 1 1 0 1 0 1 0 1 1 0 1 1 0 1 1 1 0 1 1 0 0 1 0 0 0 0 1 1 1 1 1 1 0 1 1 0 1 1 1 1 0 1 0 1 1 0 0 1 0 1 0 0 0 0 0 0 1 0 0 1 0 1 1 1 1 0 1 0 0 0 1 1 1 0 1 0 0 
1 0 1 0 1 1 0 0 0 0 0 0 0 1 0 0 1 0 1 0 0 0 1 0 0 0 0 0 0 0 1 1 0 1 1 0 1 0 1 0 1 1 1 1 0 0 0 1 0 0 1 1 1 1 0 0 0 0 0 0 0 1 1 1 1 0 1 0 0 1 0 0 0 1 1 1 0 1 1 0 
0 0 1 0 1 1 1 0 1 0 0 0 0 0 1 0 1 1 1 0 0 1 0 0 1 0 0 1 0 1 0 1 0 1 1 0 0 1 0 0 1 1 1 1 0 1 1 1 0 0 1 0 1 0 0 0 1 0 0 1 1 0 1 0 1 1 1 1 0 1 1 0 1 0 1 1 0 1 0 0 
0 0 1 0 0 0 1 0 1 0 1 0 0 1 1 0 0 0 0 1 1 1 0 0 1 0 1 0 0 1 1 1 1 1 1 0 1 0 1 1 1 1 1 0 1 1 1 1 0 0 1 0 0 0 0 1 1 0 0 1 0 1 1 0 1 0 1 1 0 1 0 0 1 0 1 1 0 1 0 0 
0 0 1 0 0 1 1 0 0 1 1 0 0 1 1 1 1 1 0 0 0 1 1 0 1 0 0 0 0 0 1 1 1 1 1 1 1 0 0 1 1 1 1 0 0 0 1 1 0 0 1 0 1 1 0 0 1 0 0 1 1 0 1 0 1 1 1 0 0 1 0 1 0 1 1 1 0 1 1 0 
0 1 1 1 0 0 1 0 1 1 0 1 0 1 1 0 0 1 1 0 1 1 1 0 1 0 1 1 0 1 1 1 1 1 1 1 1 0 1 0 1 1 1 1 0 1 1 1 1 0 1 0 1 1 0 1 1 0 0 0 1 0 1 0 1 0 1 1 0 1 1 0 1 0 1 1 0 0 0 0 
0 0 1 1 1 1 1 0 0 0 1 0 0 0 0 0 1 1 1 1 0 0 0 0 1 0 0 1 0 0 1 1 0 1 1 1 1 0 1 1 1 1 0 1 0 0 1 1 0 0 0 0 1 1 0 0 1 0 0 1 1 0 1 0 1 1 0 0 0 1 1 0 1 0 1 1 0 1 0 1 
0 0 1 1 0 0 1 0 1 0 0 1 0 1 1 0 0 1 0 0 0 0 1 0 1 0 0 1 1 0 1 1 0 1 1 1 1 1 1 1 1 0 1 0 1 1 1 1 0 0 1 0 1 0 0 0 1 0 0 1 1 0 1 0 1 1 1 1 1 1 0 0 1 0 0 0 1 0 1 0 
0 1 1 0 0 0 0 0 1 0 0 1 0 1 1 0 1 0 1 0 0 1 1 0 1 0 0 0 0 0 1 1 1 1 0 1 1 0 0 0 0 1 1 1 0 0 1 1 0 0 1 0 1 0 0 0 1 0 0 0 1 0 1 1 1 0 0 1 0 1 0 0 1 0 1 1 0 0 0 0 
0 0 1 0 1 1 0 1 0 0 0 0 0 1 1 0 1 0 0 0 1 1 1 0 1 0 0 0 0 1 1 1 0 1 0 1 1 1 0 1 0 1 0 1 1 0 1 1 0 0 1 0 1 0 0 1 1 0 0 1 0 1 1 1 1 1 1 1 0 0 1 1 1 1 1 1 0 1 1 1 
0 0 0 0 1 0 1 0 1 1 1 1 0 1 1 0 1 1 0 0 0 0 1 0 1 0 0 0 0 1 1 1 0 1 1 1 1 0 0 0 0 1 0 0 1 0 1 1 0 0 1 0 1 1 0 0 1 0 1 1 1 0 1 0 1 1 1 1 0 1 0 1 1 0 1 1 0 1 1 0 
0 1 1 1 1 1 1 0 1 1 1 1 0 1 1 0 1 1 1 0 0 1 1 0 0 0 0 1 0 1 1 1 0 1 1 1 1 1 1 0 1 1 0 1 0 1 1 1 0 0 1 0 1 0 0 0 1 0 1 1 1 1 1 0 0 0 1 0 0 1 0 0 1 0 1 0 0 1 0 0 
0 1 1 0 1 0 1 0 1 1 0 1 0 1 1 0 1 1 1 0 0 0 0 0 1 0 1 0 0 1 1 1 0 1 1 0 1 1 0 0 1 1 0 0 1 0 1 1 0 0 0 1 1 0 0 1 1 0 0 1 1 0 0 0 1 1 0 1 0 1 0 0 1 0 1 1 0 1 1 1 
0 1 0 0 1 0 1 0 1 1 1 1 0 1 1 0 1 1 1 1 0 1 0 0 1 0 0 1 0 1 1 0 0 1 1 0 1 0 0 1 1 1 0 1 0 0 1 1 0 0 1 1 1 0 0 0 0 0 0 1 1 0 1 0 1 1 0 1 0 1 0 0 1 0 1 0 0 0 0 0 
0 0 1 1 0 0 1 0 1 0 0 1 0 0 1 0 1 0 0 0 0 1 1 0 1 0 0 0 1 1 1 1 1 1 1 1 1 0 1 0 1 1 0 0 0 1 1 1 0 0 1 0 1 0 0 0 0 0 0 1 0 0 1 0 1 0 0 1 0 1 0 0 1 1 1 1 0 0 1 1 
1 0 1 1 1 0 0 0 0 1 0 0 0 1 1 0 1 0 0 0 0 1 0 0 0 0 0 1 0 0 1 0 0 1 1 1 1 0 1 1 0 1 0 0 0 0 1 1 1 0 1 0 1 0 0 0 1 0 0 1 1 0 1 0 1 1 1 0 1 1 0 1 1 0 1 1 0 1 1 0 
0 0 1 0 1 1 0 0 1 1 0 0 0 1 1 0 1 0 1 0 0 0 1 0 1 0 0 0 0 1 1 1 0 1 1 1 1 1 0 0 1 0 1 1 0 1 1 1 1 1 1 1 1 0 0 0 1 0 0 1 1 0 1 0 1 1 1 0 0 1 1 0 0 0 1 1 0 0 0 1 
0 1 1 0 0 1 1 0 0 1 0 1 0 0 1 0 1 1 1 0 0 1 0 0 1 1 0 1 0 0 1 1 0 0 1 1 0 0 0 1 0 0 0 1 0 1 1 1 0 0 1 1 1 0 0 1 1 0 0 1 0 1 1 1 1 1 0 1 0 1 1 0 1 1 1 1 0 1 1 0 
0 0 1 1 1 0 0 0 1 1 0 0 0 1 1 0 1 1 1 0 0 1 1 0 0 0 0 0 0 1 1 1 0 1 1 0 1 0 0 1 1 1 1 1 1 0 1 0 0 0 1 0 1 0 0 0 0 0 0 0 1 1 1 0 1 1 0 0 0 1 0 0 0 1 1 1 0 1 0 0 
0 1 1 1 1 0 1 0 1 0 0 1 0 1 1 0 1 1 1 0 1 1 1 0 1 0 0 1 0 0 1 1 0 0 0 1 0 0 0 1 1 0 0 1 1 0 1 1 0 0 1 0 0 0 0 1 1 0 0 1 1 0 1 0 1 1 1 0 0 1 0 0 0 0 0 1 0 1 0 0 
0 0 1 1 0 0 1 0 1 0 1 1 0 1 1 0 1 1 1 1 0 1 0 0 0 0 1 1 0 0 1 1 0 1 1 1 1 0 0 1 1 1 0 1 1 0 1 0 0 0 1 1 0 0 0 0 1 0 1 1 1 1 1 0 0 0 1 1 0 1 0 0 1 0 1 1 0 0 1 0 
0 1 1 0 1 0 1 0 0 1 1 0 0 0 1 0 1 1 0 0 0 1 0 0 1 0 1 0 0 1 1 0 0 1 1 1 1 1 1 0 1 1 1 1 1 0 1 1 1 0 1 0 1 0 0 0 1 0 0 0 0 0 1 0 0 0 1 0 0 1 1 0 1 0 1 1 0 0 1 0 
0 1 1 0 1 0 1 0 1 0 1 0 0 1 1 0 1 1 0 0 0 0 0 0 1 0 0 1 0 0 1 0 0 1 1 1 1 0 0 1 1 0 0 1 0 0 0 1 1 0 1 0 1 0 0 1 1 1 0 1 1 1 1 0 1 1 0 0 0 1 0 0 1 0 1 1 0 1 0 0 
0 0 1 0 0 0 0 0 1 0 0 1 0 1 1 0 1 1 1 0 1 0 0 0 1 0 0 0 0 0 1 1 0 1 0 1 0 1 1 1 1 1 1 1 1 0 1 1 0 0 0 0 1 0 0 0 0 1 0 1 0 0 1 0 1 1 1 0 0 1 0 0 1 1 1 1 0 1 0 0 
0 1 1 0 1 1 1 0 1 0 0 1 0 0 1 0 1 1 1 0 0 1 1 0 1 0 0 1 0 0 1 0 1 1 1 0 1 1 1 1 1 0 0 1 0 0 1 1 0 0 1 0 1 1 0 1 1 0 0 1 0 1 0 0 1 1 1 0 0 1 0 0 1 1 1 1 0 1 0 0 
0 1 1 0 0 1 0 1 1 0 0 0 0 1 1 0 0 1 0 0 0 1 0 0 0 0 0 0 0 1 1 1 1 1 1 1 1 0 0 0 1 1 0 0 0 0 1 1 0 0 1 0 1 0 0 0 1 0 0 1 0 1 1 1 1 0 1 0 0 1 0 0 1 0 1 1 0 1 0 0 
1 0 1 1 1 0 0 0 0 0 0 1 0 0 1 0 1 1 1 0 0 0 0 0 1 0 1 0 0 0 1 1 0 1 1 1 1 0 1 1 1 0 0 1 0 0 1 1 0 1 1 1 1 0 0 0 1 0 0 0 0 0 1 0 0 1 1 1 0 1 1 0 0 0 0 1 0 0 1 0 
0 0 1 0 1 1 1 0 0 1 1 0 0 1 1 0 1 1 0 1 1 0 0 1 1 0 0 1 0 0 1 1 0 1 1 1 0 1 0 1 1 0 0 0 1 0 1 1 0 0 1 1 1 0 0 0 1 0 1 1 1 0 1 1 1 0 1 0 0 1 0 0 1 0 1 1 0 1 1 0 
1 1 1 0 0 0 1 0 0 1 1 1 0 0 1 0 1 1 1 0 1 0 0 1 1 0 1 1 0 0 1 0 0 1 1 0 1 0 1 0 1 1 1 1 0 0 1 1 0 1 1 1 1 0 1 0 1 0 0 1 1 1 1 0 1 1 1 0 1 1 1 0 1 0 0 1 0 1 1 0 
0 0 0 0 0 1 1 0 0 1 1 0 0 0 1 0 1 1 1 0 1 1 1 0 1 0 0 0 0 1 1 1 0 1 1 0 1 1 0 0 1 1 1 1 1 1 1 1 0 0 1 1 1 0 0 0 0 0 0 1 1 0 1 1 1 1 1 0 0 1 0 0 1 0 1 1 0 1 1 1 
0 1 0 0 1 1 1 0 0 0 0 1 0 1 1 0 1 1 0 0 1 1 1 0 0 0 0 0 0 1 1 1 0 1 1 1 1 1 0 1 1 0 1 0 0 0 1 0 0 0 1 1 1 0 0 0 0 0 0 1 1 0 1 0 1 0 1 0 0 1 1 0 0 1 1 1 0 1 0 0 
0 1 1 0 1 1 0 0 0 0 0 0 0 1 1 0 1 1 1 0 1 1 0 0 1 0 1 0 0 0 1 0 0 1 1 1 0 1 0 1 1 0 0 1 1 0 1 1 1 0 1 0 1 0 0 0 1 0 1 1 1 1 1 0 1 0 0 0 0 1 0 0 1 1 1 1 0 0 0 1 
0 1 1 0 1 0 0 0 1 0 1 1 0 1 1 0 1 1 1 1 0 1 1 0 1 1 1 1 0 1 1 0 0 1 1 1 1 0 0 0 1 1 0 1 0 0 1 1 1 0 1 1 1 0 0 1 0 0 0 1 0 0 1 1 1 0 1 0 0 1 1 0 1 0 1 1 0 1 1 1 
0 1 1 0 0 0 0 0 1 1 1 1 0 0 1 0 1 1 1 0 1 1 1 0 1 0 0 1 0 1 1 1 0 1 1 0 0 0 0 1 1 1 0 0 0 1 1 1 0 0 1 0 1 1 0 0 1 0 1 0 0 1 1 0 0 1 1 0 0 1 1 0 1 0 1 1 0 1 1 0 
0 0 1 1 0 1 0 0 1 1 0 0 0 0 1 0 0 1 1 1 0 0 0 0 1 0 1 1 1 0 1 0 0 1 0 1 1 0 1 1 1 0 0 1 0 0 1 1 0 0 1 0 0 0 0 0 1 0 0 1 0 0 1 0 1 1 0 0 1 1 0 0 1 0 1 1 0 1 0 0 
0 0 1 0 0 1 1 0 1 1 1 1 0 0 1 0 0 1 0 0 0 1 0 0 0 0 1 1 1 0 1 1 0 1 1 0 1 0 0 0 1 0 1 0 1 1 1 1 1 0 1 0 1 0 0 0 1 0 0 0 1 1 0 1 0 0 0 1 0 1 1 0 1 0 1 1 0 0 0 0 
0 1 0 0 1 1 0 0 1 0 1 1 0 1 1 0 1 1 1 0 0 0 0 0 1 0 0 0 1 0 1 1 0 0 1 1 1 0 1 1 0 0 0 1 0 0 1 1 0 0 0 1 1 0 0 0 0 0 0 1 1 0 1 1 1 0 1 0 0 1 0 0 1 0 1 1 0 1 0 1 
1 1 0 0 1 0 1 0 0 1 0 0 0 1 1 0 1 0 1 0 1 0 1 0 0 0 0 1 0 0 1 1 0 1 1 1 1 0 1 1 0 1 1 0 0 0 1 1 0 1 0 0 1 0 0 0 0 0 0 1 1 0 1 1 0 1 0 0 0 1 0 0 0 0 1 1 0 0 1 0 
1 1 1 1 1 1 1 0 1 0 0 1 0 0 1 0 1 1 1 0 1 1 0 0 0 0 1 1 1 0 1 1 0 1 1 0 1 1 0 1 1 1 0 1 0 0 1 1 0 0 1 0 1 0 0 0 1 0 0 1 1 0 1 0 1 1 0 0 0 1 0 0 1 1 1 1 0 0 1 0 
0 1 1 0 0 1 1 0 1 1 1 1 0 0 1 1 1 0 0 1 0 1 0 0 0 0 0 0 0 0 1 0 1 1 1 1 0 0 1 0 1 1 1 0 0 0 1 1 0 0 1 0 1 1 0 0 1 0 0 1 1 1 1 0 1 0 0 0 0 1 0 0 1 0 1 0 0 1 0 0 
0 1 0 0 0 0 0 0 0 0 0 0 0 0 1 0 1 1 1 0 0 1 0 0 1 0 0 1 0 0 1 1 0 1 1 1 1 1 0 1 1 1 0 0 0 1 1 1 0 0 1 0 1 1 1 0 1 0 0 0 1 1 1 0 1 1 1 0 0 1 1 0 0 0 0 1 0 0 1 0 
0 0 1 0 1 1 1 0 1 1 0 0 0 1 1 0 1 1 0 0 0 0 0 0 1 0 0 0 0 1 1 1 0 1 0 1 1 1 0 1 1 1 1 1 1 1 1 0 0 0 1 0 1 1 0 1 1 0 0 1 1 1 1 0 1 0 1 1 1 1 0 0 1 1 1 1 0 1 0 0 
0 1 1 0 1 0 1 0 1 1 1 1 0 1 1 0 1 1 1 0 1 1 1 0 1 0 1 0 0 0 1 1 1 1 1 0 1 1 0 0 1 1 1 0 1 1 1 1 0 0 1 0 1 1 0 0 0 0 0 1 1 0 1 1 1 1 1 0 0 1 1 0 1 0 1 1 0 0 1 1 
0 0 0 0 1 0 1 0 1 0 1 0 0 1 1 0 1 0 1 1 0 0 0 0 0 0 1 1 0 0 1 1 1 1 1 1 0 0 1 1 1 1 1 1 1 1 1 1 0 0 1 1 1 1 0 0 0 0 0 1 1 1 1 1 1 0 1 0 0 1 0 0 1 0 1 0 0 1 1 0 
